0.911
0.759
0.922
1.122
1.235
1.160
0.799
0.808
1.121
1.023
0.834
0.845
1.153
0.990
0.969
0.886
0.931
1.117
1.021
1.125
1.132
1.178
0.941
1.059
1.135
0.862
0.854
1.121
0.901
0.982
1.059
1.039
1.001
1.136
1.027
0.998
0.918
0.923
0.937
1.102
0.946
1.231
1.015
0.965
1.088
0.985
1.011
1.087
1.035
1.169
1.029
1.005
0.845
1.046
1.068
0.956
1.077
0.057
-0.030
0.058
-0.005
0.075
0.064
0.059
-0.159
0.042
-0.076
0.068
-0.043
-0.325
0.068
-0.048
-0.264
-0.027
0.132
0.120
1.051
0.967
0.976
1.258
0.940
0.975
1.015
0.870
1.155
0.946
1.125
1.078
1.081
1.049
1.051
0.932
1.364
1.022
0.990
-0.138
-0.280
0.037
-0.130
0.052
-0.175
0.041
-0.072
0.012
-0.034
0.023
0.097
0.131
0.052
0.108
0.093
0.065
-0.077
-0.136
0.884
1.052
0.940
0.846
1.063
0.724
0.945
1.193
1.132
0.806
1.020
1.111
1.015
1.127
1.073
1.107
1.141
0.839
0.999
1.018
0.927
1.085
1.001
1.180
1.022
0.915
1.004
0.979
0.780
1.019
1.017
0.885
0.985
1.060
1.115
0.983
1.066
0.935
1.099
1.101
0.945
0.843
1.031
1.102
1.006
0.836
0.887
0.961
0.976
1.106
1.152
1.036
0.959
0.839
0.824
0.983
0.990
-0.038
-0.061
-0.188
0.017
0.067
0.166
0.126
0.100
0.266
-0.120
0.085
0.045
-0.171
-0.193
0.038
-0.057
0.105
0.096
-0.025
0.896
1.133
0.989
1.000
1.163
1.070
0.984
1.012
0.937
1.079
0.915
1.090
0.942
1.160
0.951
0.936
0.924
1.156
0.955
0.939
0.826
0.915
1.175
1.016
1.036
1.180
1.122
0.922
0.856
0.851
0.922
1.027
1.026
0.991
1.166
1.017
0.994
1.112
1.168
0.882
1.006
0.971
0.940
0.838
1.262
0.955
1.020
0.832
0.893
0.840
1.251
1.130
1.092
1.113
1.024
0.901
0.883
0.156
-0.079
0.024
0.059
0.072
-0.013
-0.058
-0.042
-0.118
-0.079
-0.112
0.021
-0.105
0.039
0.169
-0.074
0.156
0.197
-0.041
0.140
0.201
0.028
0.116
0.018
-0.088
-0.045
-0.052
-0.149
-0.063
-0.058
0.102
0.169
-0.132
-0.051
0.030
-0.121
0.062
-0.019
-0.072
0.236
0.025
0.129
-0.064
-0.095
0.045
-0.345
0.045
-0.020
-0.072
-0.071
0.020
-0.271
-0.075
-0.111
0.139
-0.063
0.108
0.942
1.007
0.934
0.882
1.003
1.235
0.983
0.981
1.027
1.021
0.843
1.008
0.666
1.121
1.015
1.185
1.029
1.171
1.025
0.920
1.052
0.888
0.897
0.922
0.882
0.901
1.017
0.889
1.128
1.048
1.198
0.821
1.227
1.055
1.021
1.006
0.895
1.016
1.012
0.942
0.849
0.890
1.050
0.907
0.927
0.819
1.107
1.051
0.956
0.882
1.208
1.001
1.177
0.942
0.761
1.075
1.062
0.114
0.169
-0.224
0.068
-0.013
-0.144
0.028
0.244
-0.229
0.070
0.149
-0.091
-0.051
0.033
-0.351
-0.035
0.016
0.055
-0.119
1.079
0.892
1.048
0.934
0.903
1.055
1.189
1.137
1.059
1.137
1.007
1.060
1.077
1.069
0.844
0.759
1.112
0.862
1.078
1.015
0.921
0.912
0.897
1.056
0.946
0.962
1.000
0.801
1.081
0.905
0.896
0.915
1.202
0.847
0.955
1.058
1.081
1.232
0.870
1.046
0.965
0.934
1.198
0.982
0.899
1.117
0.916
1.195
0.884
0.961
1.051
1.027
0.934
0.907
1.034
0.838
0.994
0.024
0.000
-0.013
-0.083
0.048
-0.100
-0.069
0.023
-0.230
0.197
-0.049
-0.061
-0.052
0.024
-0.168
0.108
0.024
-0.110
-0.043
1.014
1.074
0.907
1.110
0.875
0.949
1.001
1.246
1.035
0.996
1.014
0.913
0.947
0.968
1.023
1.218
0.883
1.091
1.147
0.883
0.942
1.134
1.144
0.917
0.902
1.170
0.947
0.827
0.802
1.095
0.962
1.197
1.008
1.003
1.014
1.075
0.943
1.065
0.957
1.065
1.021
0.872
0.957
1.124
1.052
0.876
0.871
1.031
0.912
1.142
0.900
1.042
0.977
1.060
1.086
1.089
0.973
-0.311
0.052
-0.104
0.069
0.159
-0.022
0.077
-0.098
-0.013
-0.110
-0.101
-0.038
0.032
0.039
-0.079
0.057
0.183
0.078
0.047
-0.063
-0.006
-0.141
0.123
-0.075
0.264
-0.127
0.086
0.004
0.008
0.078
0.224
0.096
-0.065
-0.030
0.049
-0.003
0.061
0.048
-0.081
0.113
-0.059
0.121
0.040
0.032
0.122
0.057
0.021
0.029
-0.067
-0.018
0.072
0.012
-0.009
-0.054
-0.068
-0.032
-0.029
1.052
0.981
0.919
0.986
0.770
1.226
1.021
1.143
1.050
1.005
1.130
1.130
1.004
0.936
0.957
1.034
0.945
0.761
1.068
0.068
-0.087
0.112
0.036
-0.070
-0.142
-0.067
-0.062
0.129
0.180
0.132
0.072
0.033
-0.169
0.171
-0.123
-0.086
-0.206
0.151
0.968
0.860
1.000
1.179
0.842
1.057
1.091
1.067
0.865
0.991
1.027
0.942
1.097
0.882
1.017
0.879
1.031
0.880
0.985
0.018
-0.026
0.106
0.051
0.001
-0.012
0.072
-0.102
0.070
0.041
-0.071
0.080
-0.003
0.010
-0.001
-0.094
0.177
-0.083
-0.178
1.038
1.128
1.088
0.871
0.985
1.152
1.137
1.047
1.017
0.956
0.806
0.988
0.929
0.958
0.983
1.068
1.164
1.057
1.111
0.956
1.010
0.913
1.041
1.053
0.926
0.845
1.212
1.107
1.102
1.085
1.125
0.925
0.942
0.923
0.945
0.933
1.012
0.876
1.030
0.982
0.813
1.146
1.044
0.932
1.049
0.974
0.781
0.991
1.054
1.002
1.147
0.933
0.912
0.909
0.912
1.051
0.977
-0.172
0.107
0.015
-0.104
0.047
-0.258
-0.084
-0.065
-0.021
0.283
-0.113
0.089
-0.081
-0.048
-0.010
0.011
-0.073
0.067
-0.123
0.054
-0.146
0.142
-0.229
0.068
0.094
-0.036
0.025
0.039
0.020
-0.039
0.093
0.024
0.037
0.113
-0.178
0.077
0.102
-0.004
0.080
0.031
0.165
-0.010
0.107
-0.160
0.060
-0.152
0.147
0.054
-0.216
-0.143
-0.028
-0.158
-0.087
-0.100
-0.057
-0.064
0.001
-0.012
0.105
-0.042
0.020
-0.151
0.114
0.103
-0.202
-0.009
-0.032
0.046
-0.096
0.064
0.012
-0.001
-0.045
0.056
-0.163
0.020
0.197
0.137
-0.213
0.088
-0.174
-0.092
-0.079
0.059
-0.134
0.121
-0.232
-0.029
-0.157
-0.013
-0.186
0.015
0.074
-0.155
-0.020
0.087
-0.238
-0.217
-0.113
0.045
0.091
-0.180
0.081
0.082
0.108
0.126
-0.140
-0.020
0.189
-0.053
0.126
0.048
0.160
0.106
0.184
0.166
0.079
-0.120
0.109
0.109
0.024
0.157
0.026
0.058
-0.134
0.081
0.080
0.022
0.033
-0.055
0.182
-0.060
0.080
1.055
1.049
1.100
0.858
0.955
1.241
1.031
1.019
0.887
1.155
1.025
1.144
0.859
0.997
0.891
1.059
1.065
0.941
1.015
0.010
0.181
0.094
0.046
0.076
0.177
-0.106
-0.142
-0.131
-0.001
-0.069
-0.001
-0.234
-0.069
0.073
-0.048
0.131
-0.037
0.086
0.950
1.039
0.976
0.945
0.978
1.178
0.976
1.004
1.014
0.992
1.040
0.857
0.924
1.047
0.935
1.293
1.209
0.880
0.844
-0.095
-0.037
0.039
-0.027
0.016
0.039
-0.040
-0.043
0.111
-0.093
0.009
-0.068
-0.184
0.033
-0.115
0.001
-0.029
0.056
0.054
1.148
0.827
1.073
0.802
1.014
1.122
1.016
0.854
1.030
1.065
1.086
0.832
0.920
1.152
0.922
0.833
0.868
1.155
0.913
-0.107
0.154
0.064
0.163
-0.077
0.002
0.020
-0.073
0.061
0.111
0.136
-0.016
0.207
-0.126
-0.007
0.264
-0.063
-0.042
-0.098
-0.111
-0.363
0.147
0.037
0.062
0.093
-0.094
-0.042
-0.161
-0.158
-0.088
0.138
-0.162
-0.125
0.049
0.139
0.065
0.052
-0.127
0.081
0.241
-0.052
0.188
-0.002
0.082
0.102
0.047
-0.074
0.001
-0.062
-0.055
-0.109
0.116
0.107
0.312
0.267
-0.058
-0.209
1.024
1.049
0.830
1.164
1.086
0.960
0.844
0.995
1.203
0.956
1.050
0.913
0.948
1.004
1.041
0.901
0.938
1.032
1.036
0.049
0.017
-0.079
0.011
0.240
0.025
-0.122
0.047
0.142
-0.133
0.230
-0.038
0.032
0.033
0.136
0.056
-0.181
-0.252
-0.048
1.054
0.951
0.822
1.021
0.961
0.914
0.966
0.928
1.206
0.939
0.854
1.004
0.938
1.112
0.852
0.968
0.880
0.975
1.155
-0.207
-0.118
0.154
-0.175
0.043
-0.276
-0.226
0.211
0.061
-0.020
0.047
-0.100
0.064
-0.057
0.009
-0.013
-0.131
-0.044
0.101
0.982
1.083
1.077
1.202
1.029
1.182
1.020
1.011
0.866
0.965
0.999
0.885
1.094
0.970
0.960
0.964
1.019
0.934
0.975
0.034
-0.053
-0.072
-0.027
0.171
-0.039
-0.116
-0.115
-0.039
-0.082
0.033
-0.088
0.011
0.009
-0.001
0.157
-0.085
0.052
-0.067
0.921
0.868
1.001
0.750
0.922
1.037
0.761
1.015
1.049
0.866
1.094
0.921
0.873
1.057
0.778
0.895
1.147
0.985
1.088
0.037
-0.072
-0.162
0.152
0.185
0.174
0.145
0.203
0.092
0.052
-0.094
-0.007
0.011
0.022
-0.051
0.169
0.004
-0.119
0.197
-0.091
0.012
0.022
0.032
-0.005
-0.027
0.047
0.021
0.094
0.056
-0.117
-0.146
-0.034
-0.207
0.080
-0.094
-0.153
-0.089
0.077
-0.114
-0.112
0.173
0.259
0.114
-0.062
0.062
0.177
-0.073
0.070
-0.070
-0.168
-0.000
-0.006
0.136
-0.075
-0.070
-0.174
-0.055
0.880
0.792
1.022
1.071
1.111
1.077
1.001
0.871
0.883
0.990
0.996
0.975
0.953
1.031
0.968
0.840
1.025
0.555
1.106
0.051
-0.130
0.166
-0.090
-0.094
-0.165
0.142
-0.063
-0.011
-0.079
-0.077
0.033
-0.071
0.019
0.065
0.196
-0.084
0.200
0.168
0.985
1.145
1.155
1.033
1.053
0.926
1.072
0.929
0.955
1.022
0.698
0.942
0.983
1.088
0.949
1.049
1.115
1.045
1.008
1.035
0.982
1.019
1.083
0.860
1.087
1.134
1.172
1.092
1.077
0.961
1.160
0.929
0.864
0.962
1.166
1.036
1.127
1.045
0.882
0.958
1.024
1.024
0.964
0.999
0.960
1.061
0.866
0.962
1.122
0.792
0.785
0.904
1.022
1.068
0.980
0.999
0.952
0.125
0.044
0.114
0.173
-0.027
0.072
0.007
-0.007
-0.131
0.076
0.043
-0.169
0.119
0.061
0.048
-0.079
0.061
0.079
0.224
-0.006
-0.036
0.085
-0.147
0.092
-0.031
0.051
-0.164
-0.116
0.120
-0.002
-0.026
-0.102
-0.077
-0.034
0.056
0.074
0.117
-0.145
0.021
0.070
-0.003
-0.074
-0.197
-0.086
-0.067
0.133
-0.168
-0.012
0.043
-0.160
-0.029
0.084
0.031
-0.069
0.095
-0.213
0.004
0.922
0.898
0.999
1.001
1.018
0.868
1.108
0.829
1.003
1.271
0.865
0.976
1.030
1.038
0.852
1.059
0.924
1.193
1.049
0.057
-0.014
0.049
0.013
0.052
-0.148
0.088
0.115
-0.045
-0.072
-0.122
-0.172
0.001
0.101
-0.190
-0.211
-0.024
-0.079
-0.009
1.254
1.040
0.958
0.809
1.024
0.797
0.843
0.876
0.985
0.841
1.036
1.091
0.920
0.850
0.878
1.045
0.823
1.025
0.895
0.976
0.977
0.946
0.911
0.887
1.005
1.114
1.070
1.123
0.974
0.943
1.078
0.911
0.790
1.103
0.912
0.991
1.007
1.112
1.037
1.054
0.833
1.013
1.049
0.881
1.104
1.022
1.024
0.907
0.979
1.209
1.033
1.138
0.845
1.072
1.002
0.991
1.028
-0.141
-0.108
-0.044
-0.111
0.141
-0.002
-0.003
-0.051
0.059
0.006
-0.021
0.139
0.028
-0.048
0.047
-0.107
0.036
0.153
0.096
0.756
0.784
1.017
1.034
0.930
1.216
1.121
0.895
1.106
1.208
1.117
1.166
0.983
1.056
0.991
1.135
0.959
1.067
1.061
0.001
0.045
-0.103
0.108
-0.072
-0.135
-0.203
-0.126
-0.069
-0.122
-0.117
-0.136
0.067
-0.113
-0.031
-0.016
0.144
0.010
0.105
0.835
0.949
1.122
0.929
1.131
1.029
1.120
0.981
0.908
1.024
0.971
1.069
1.269
1.025
0.856
0.828
0.944
1.075
0.850
-0.137
0.269
0.111
-0.158
-0.069
0.126
-0.049
-0.022
-0.171
0.135
-0.201
0.020
0.251
-0.031
0.034
-0.123
-0.103
-0.076
-0.101
-0.016
-0.059
-0.072
-0.135
0.078
-0.146
0.161
-0.100
-0.121
-0.005
-0.080
-0.176
-0.060
-0.027
-0.115
-0.166
-0.418
0.136
-0.014
-0.163
-0.145
0.292
0.036
-0.043
0.079
-0.138
-0.105
-0.090
-0.107
-0.063
-0.090
-0.170
0.004
0.235
0.021
0.092
-0.142
-0.015
0.869
1.040
0.977
0.854
0.908
1.049
0.976
1.111
0.834
1.116
0.926
1.042
0.979
0.992
1.085
1.002
0.878
1.153
1.122
0.084
0.151
0.121
0.007
0.074
0.089
-0.248
0.102
0.059
0.145
-0.145
-0.056
0.033
0.141
-0.142
-0.032
0.036
0.077
0.009
0.879
0.931
1.076
1.048
1.082
0.987
1.003
1.096
0.915
0.977
1.024
1.167
0.918
0.882
0.798
1.056
0.990
1.065
1.115
0.877
0.996
1.012
0.923
1.105
0.815
0.983
0.892
1.159
1.126
0.960
0.977
0.897
0.965
1.020
0.882
1.238
0.763
0.946
1.008
1.086
1.101
1.038
1.059
0.912
1.029
1.040
1.038
1.013
0.866
1.138
1.029
1.151
0.937
1.062
1.184
1.058
0.876
-0.068
-0.077
-0.149
-0.009
0.103
0.273
0.087
0.163
0.185
0.011
0.120
0.249
-0.075
-0.169
0.015
0.136
0.060
0.087
-0.023
0.919
0.991
0.890
1.117
1.106
1.244
0.927
0.854
0.923
1.088
1.103
0.866
0.934
1.126
0.918
1.218
0.988
0.820
0.930
0.263
0.080
-0.079
0.034
-0.180
-0.030
-0.001
0.012
-0.097
-0.006
-0.153
0.111
0.120
-0.152
0.027
0.145
0.050
0.113
-0.049
0.984
1.050
1.014
0.968
1.051
0.861
0.903
1.077
1.139
1.140
0.931
0.930
1.129
1.033
0.953
1.127
0.971
0.931
0.846
0.126
-0.067
-0.016
-0.079
-0.197
0.053
-0.143
-0.043
0.069
0.084
-0.036
0.058
-0.088
0.079
-0.117
0.051
-0.019
0.120
-0.101
-0.026
-0.082
0.036
-0.114
0.139
-0.108
-0.032
0.124
0.016
-0.111
-0.214
-0.005
0.109
0.090
-0.023
-0.158
0.036
-0.085
0.037
0.092
0.106
0.037
-0.064
-0.017
-0.095
0.083
0.145
-0.060
-0.049
0.106
0.087
0.098
0.065
-0.049
-0.084
-0.127
0.062
0.140
-0.054
0.143
0.126
0.049
-0.126
0.122
0.046
-0.013
-0.064
-0.136
0.095
0.007
-0.072
0.100
0.098
0.303
-0.208
-0.045
-0.096
-0.188
0.019
0.036
-0.008
-0.013
-0.032
0.047
-0.052
-0.025
0.109
0.060
0.059
-0.070
0.127
0.034
-0.279
0.110
-0.001
0.049
0.048
-0.065
0.097
0.127
0.099
-0.084
0.043
0.088
-0.056
-0.085
-0.046
0.215
0.027
0.104
-0.006
0.078
0.236
-0.083
-0.209
0.050
0.086
-0.112
-0.040
0.059
-0.078
0.029
0.091
-0.098
0.066
-0.008
0.009
-0.050
0.007
0.004
-0.175
-0.022
0.012
-0.210
1.033
1.173
1.075
0.753
0.951
1.121
0.977
0.786
1.045
0.995
0.945
1.149
0.924
0.984
0.943
0.844
1.176
1.095
0.893
0.799
1.034
1.131
1.120
1.149
1.150
0.986
1.017
1.127
1.003
0.885
0.914
1.034
1.025
0.985
1.051
1.034
0.899
1.154
0.971
0.822
0.949
1.018
0.984
0.922
0.941
1.037
0.968
0.876
1.134
1.008
0.866
1.057
1.038
0.685
1.008
1.129
0.927
0.002
-0.004
-0.023
0.065
-0.224
-0.090
0.048
-0.041
0.156
0.015
0.150
-0.014
-0.029
-0.043
0.007
0.196
-0.280
0.069
0.144
1.019
1.210
0.908
1.092
1.170
0.989
0.984
0.947
0.888
0.821
0.966
1.122
0.859
0.917
1.029
0.854
1.000
1.100
0.900
-0.020
0.030
-0.061
-0.042
-0.142
-0.009
-0.053
0.137
0.153
0.101
-0.091
-0.154
-0.073
-0.054
-0.170
-0.192
0.012
0.050
0.016
0.009
0.022
0.033
-0.003
0.087
0.084
0.126
0.094
0.079
0.045
-0.033
0.107
0.065
0.079
0.045
0.210
0.148
0.053
0.065
0.030
-0.027
-0.038
-0.130
-0.013
0.015
0.145
0.015
0.089
-0.105
-0.120
-0.139
-0.010
0.025
0.005
-0.173
0.021
-0.118
0.255
1.021
0.826
0.917
1.139
0.994
1.048
0.982
0.998
0.962
0.777
1.002
0.977
0.743
0.986
0.964
0.948
0.932
0.941
1.072
1.047
1.007
0.926
0.949
0.867
0.853
0.982
1.025
1.106
1.000
1.035
0.987
1.058
1.023
1.084
1.140
1.077
1.206
1.047
1.004
1.060
1.045
0.825
1.113
1.185
0.942
1.063
1.116
1.121
0.958
1.133
1.095
0.874
0.911
1.063
0.753
0.859
0.859
0.090
0.132
-0.118
-0.104
-0.011
-0.002
0.002
0.016
-0.008
0.043
0.021
-0.132
0.113
0.037
-0.044
-0.047
0.142
-0.015
0.131
0.950
1.078
0.987
1.163
1.053
0.972
0.987
0.917
0.935
1.039
1.119
0.940
0.900
0.990
0.994
0.978
0.960
0.989
0.808
1.105
1.015
0.882
1.091
0.899
1.120
0.915
0.830
1.076
1.031
0.928
1.142
1.024
1.281
1.038
0.984
1.018
0.986
1.105
1.037
1.070
1.159
0.959
0.942
1.103
0.958
0.926
1.158
0.888
0.908
0.835
1.083
0.893
0.773
1.129
1.019
1.062
0.991
0.055
-0.059
0.021
-0.072
0.254
-0.007
0.215
0.048
0.077
0.077
0.067
-0.276
0.049
-0.059
0.052
0.155
0.057
0.020
0.186
1.142
1.043
0.877
1.073
1.142
1.034
0.981
0.807
0.984
1.151
0.898
1.189
1.207
0.996
1.085
1.047
1.028
0.922
0.887
0.909
1.031
0.927
0.975
0.885
0.914
1.107
1.011
0.889
0.779
0.936
0.844
0.909
0.958
0.945
1.082
1.090
1.087
0.801
1.046
1.044
0.988
0.846
1.059
1.237
1.168
1.127
1.066
1.071
1.088
0.940
0.952
1.017
0.988
1.240
0.807
1.183
1.123
0.137
0.164
-0.066
0.092
-0.121
0.044
-0.085
-0.001
-0.024
0.080
0.203
0.128
0.131
0.092
0.090
0.133
0.165
0.012
0.148
-0.000
0.067
0.006
-0.041
0.049
-0.146
0.104
0.105
0.024
0.026
-0.186
-0.102
0.207
0.056
-0.305
-0.181
-0.057
-0.062
-0.077
-0.065
-0.050
0.024
-0.145
0.097
-0.049
-0.095
0.109
0.054
-0.052
0.080
0.080
0.045
-0.054
-0.049
-0.066
-0.032
-0.091
0.139
1.041
0.845
0.863
0.924
1.097
1.051
0.759
1.189
0.822
1.071
0.967
1.074
1.122
0.841
1.080
1.092
0.895
0.919
0.918
1.080
0.879
1.074
1.048
1.088
1.065
1.251
1.156
0.918
1.067
0.916
0.998
0.864
0.842
0.854
1.259
0.990
0.866
1.035
1.045
0.858
0.887
0.997
1.011
1.069
1.054
0.920
0.986
1.032
1.071
1.180
0.903
1.048
0.999
0.855
1.190
1.052
0.998
-0.202
0.022
0.145
0.123
-0.030
0.029
0.065
-0.051
0.262
0.119
0.064
-0.127
-0.039
-0.068
-0.057
-0.052
-0.002
-0.029
0.084
0.037
0.049
0.018
-0.040
0.021
0.004
0.133
0.042
0.181
0.009
-0.014
0.086
0.060
0.062
-0.032
0.001
-0.079
0.017
-0.047
0.188
0.071
0.046
-0.060
0.097
-0.067
-0.174
0.020
0.007
0.062
0.055
-0.404
-0.028
0.099
0.051
0.031
-0.167
0.114
-0.066
0.037
-0.011
-0.078
-0.133
0.070
0.095
-0.082
-0.056
0.030
-0.022
-0.021
0.126
-0.075
-0.127
0.077
0.140
-0.072
0.078
0.050
0.034
-0.148
-0.128
0.064
0.122
-0.113
-0.141
-0.156
-0.114
0.058
0.096
0.008
0.088
-0.058
0.178
-0.002
-0.070
0.075
0.037
-0.052
0.089
-0.120
0.197
0.070
-0.040
0.082
-0.015
0.046
0.062
0.207
-0.040
-0.061
-0.012
0.050
0.113
0.011
0.192
-0.049
0.163
-0.021
-0.001
-0.098
-0.042
0.018
-0.137
0.202
0.045
0.116
0.049
-0.349
-0.038
-0.036
0.083
-0.136
-0.126
-0.101
-0.046
1.141
1.175
1.217
0.934
1.044
0.951
1.099
0.930
0.901
0.876
0.893
1.034
1.024
0.871
0.904
0.990
0.989
0.851
1.057
-0.013
0.049
-0.110
0.013
0.140
-0.007
-0.083
-0.105
0.011
0.272
-0.030
0.063
0.022
-0.053
0.113
0.058
0.138
-0.095
0.092
0.945
0.919
1.380
0.961
1.273
1.137
0.910
1.121
1.026
1.101
1.049
0.887
1.006
0.981
0.923
1.046
1.074
0.954
0.854
0.949
0.964
0.757
0.873
1.112
0.974
0.958
0.948
0.973
0.871
0.935
1.262
0.993
0.980
0.961
1.002
1.047
1.105
0.908
1.088
0.747
1.107
1.093
1.031
1.016
0.809
1.084
0.943
0.816
0.917
1.052
1.114
0.903
1.090
1.108
1.010
1.001
1.178
-0.088
0.053
-0.018
-0.058
-0.148
-0.161
-0.055
0.014
-0.006
0.005
0.069
-0.038
-0.169
0.171
0.108
-0.156
-0.010
0.231
0.097
1.078
1.130
0.974
1.082
1.031
1.086
1.132
1.039
0.885
1.017
1.060
1.117
0.994
0.866
1.177
1.109
0.939
1.004
1.004
0.990
0.962
0.974
1.010
1.070
0.982
0.988
0.981
1.065
1.042
1.111
1.135
1.123
1.097
0.998
1.119
1.109
0.973
0.734
0.955
0.862
0.959
0.976
0.981
0.964
0.998
0.976
0.840
1.031
0.875
0.893
1.084
0.990
0.723
0.847
0.956
1.010
0.995
0.041
0.025
0.033
0.219
-0.075
0.096
0.088
-0.097
0.112
-0.128
-0.023
-0.027
-0.015
-0.057
0.091
-0.124
-0.114
-0.013
0.252
1.047
0.899
0.979
0.962
1.268
0.997
1.085
1.159
0.983
0.995
1.053
1.065
0.966
1.021
1.004
0.880
0.982
0.975
0.885
0.018
-0.065
0.075
0.088
-0.008
-0.176
0.140
-0.120
-0.124
0.081
-0.012
-0.073
0.076
0.018
0.056
-0.100
0.168
0.132
-0.100
0.057
-0.104
0.058
0.198
-0.067
0.219
0.045
-0.033
-0.069
-0.151
0.094
0.279
0.022
0.210
-0.085
-0.156
-0.133
-0.059
-0.127
0.319
0.110
-0.083
0.056
0.139
-0.013
-0.067
0.035
0.092
0.123
0.174
0.097
-0.010
-0.135
0.022
-0.113
-0.025
0.044
0.254
0.998
0.999
1.006
1.188
0.898
1.026
1.059
0.968
1.052
0.881
1.035
0.829
1.197
1.055
1.094
0.765
0.919
0.951
0.947
-0.114
-0.042
-0.157
-0.012
-0.097
0.032
-0.016
-0.135
-0.077
-0.089
-0.111
-0.075
-0.000
-0.003
-0.027
-0.056
0.031
-0.097
0.038
0.903
0.963
0.867
0.828
0.924
1.002
0.931
0.910
1.007
1.124
1.025
1.024
0.991
1.132
0.832
1.044
0.986
1.054
1.017
0.859
0.934
0.841
0.906
0.933
0.870
0.681
0.981
1.064
0.966
1.080
1.261
0.934
1.051
1.022
1.032
0.806
1.031
1.166
0.987
1.059
0.982
1.153
1.056
0.826
0.924
1.017
0.989
1.014
0.918
0.904
1.030
0.982
1.113
0.993
0.777
1.089
1.032
0.169
0.022
-0.072
-0.034
0.051
0.058
0.062
0.065
0.121
0.054
-0.010
-0.025
0.125
0.000
-0.074
-0.036
-0.124
-0.107
-0.017
0.005
-0.012
0.071
-0.070
-0.139
-0.017
0.001
0.049
-0.189
-0.066
-0.273
0.198
-0.033
-0.015
0.040
-0.078
-0.063
0.025
0.082
0.086
-0.061
0.016
0.095
0.097
-0.001
0.105
-0.046
0.015
0.049
0.021
0.020
-0.185
0.162
-0.107
-0.056
0.039
-0.125
0.115
1.009
1.008
1.143
1.010
1.248
1.039
1.071
1.172
1.093
1.076
1.084
0.942
1.208
1.195
1.132
0.860
0.709
1.008
0.843
-0.042
-0.039
0.146
0.030
0.044
-0.032
0.094
0.101
0.103
-0.168
0.031
0.052
-0.060
-0.050
0.145
-0.058
0.049
0.085
-0.035
0.984
1.063
1.190
1.111
1.022
0.967
1.015
0.940
0.905
1.028
1.048
0.923
1.041
0.884
1.042
0.889
1.048
0.907
1.136
0.116
0.017
0.037
0.049
-0.250
0.226
-0.084
-0.186
0.011
0.249
-0.063
-0.113
-0.024
0.067
-0.065
-0.042
-0.076
0.119
0.014
1.089
0.724
0.989
1.060
1.050
1.140
1.239
1.160
1.138
0.833
0.896
0.940
1.078
0.968
0.991
1.022
1.359
1.252
0.773
-0.053
0.181
-0.162
-0.207
-0.122
-0.088
-0.072
-0.092
-0.052
0.044
-0.151
-0.052
0.027
-0.120
-0.109
0.098
0.022
-0.013
-0.018
-0.047
0.159
-0.029
0.015
0.224
-0.039
0.054
-0.033
-0.019
-0.027
-0.143
-0.074
-0.153
-0.125
0.137
0.045
-0.109
0.083
-0.012
0.024
-0.186
0.235
0.129
0.050
0.058
0.088
0.116
0.056
0.163
-0.163
-0.065
0.078
0.110
-0.098
-0.228
-0.218
-0.155
-0.080
1.142
0.938
0.876
0.924
0.955
1.032
1.143
0.984
0.872
1.226
1.051
1.065
0.962
0.898
0.974
1.012
1.035
0.797
1.056
0.010
-0.095
-0.026
-0.120
-0.169
-0.128
-0.105
-0.230
0.022
0.056
0.388
0.158
-0.052
0.052
-0.102
0.131
0.094
-0.055
0.001
0.889
1.056
1.197
0.991
1.017
1.025
1.018
0.932
1.003
0.911
1.053
0.814
1.113
0.976
1.105
0.994
0.975
1.257
1.016
0.129
-0.065
0.074
-0.003
-0.008
0.091
-0.051
-0.112
0.061
-0.111
0.133
-0.059
-0.078
-0.046
0.072
0.021
-0.077
-0.281
-0.036
1.033
1.006
1.038
1.027
1.103
0.997
0.901
1.141
0.983
0.916
1.189
0.951
1.086
0.760
1.065
0.894
0.973
0.975
1.107
