0.984
0.974
1.106
1.077
0.933
1.023
0.944
0.972
1.067
0.964
1.099
1.080
0.993
1.035
1.018
1.038
0.994
0.937
0.954
-0.078
-0.038
-0.023
-0.194
-0.077
0.077
-0.043
0.086
0.032
-0.077
-0.017
-0.024
-0.003
-0.007
-0.027
-0.189
-0.024
-0.053
-0.147
1.033
0.974
0.971
1.096
1.048
1.008
1.199
0.993
1.051
0.928
1.093
0.973
0.974
0.964
0.858
1.029
0.904
0.844
1.006
-0.009
0.110
0.036
0.011
-0.109
-0.007
0.034
0.008
-0.021
0.150
-0.028
0.063
0.046
-0.075
0.039
-0.047
0.032
0.029
0.030
-0.050
0.046
-0.012
-0.127
-0.046
0.139
0.055
0.040
0.013
0.048
-0.045
0.018
-0.006
-0.101
-0.004
0.091
0.032
0.034
-0.046
0.010
-0.025
0.026
-0.022
0.116
0.141
-0.032
-0.106
0.004
-0.065
-0.027
0.063
-0.040
-0.038
0.030
0.030
-0.029
-0.043
-0.122
0.919
1.018
0.999
1.143
0.946
1.103
0.905
1.077
0.967
1.119
1.109
0.995
1.095
0.978
0.971
1.008
1.136
0.928
0.975
0.880
0.943
1.002
0.932
1.052
1.056
1.023
0.970
1.036
1.077
0.921
1.071
1.132
0.973
1.010
0.984
0.977
0.927
1.052
1.015
0.984
1.052
1.040
0.946
0.924
0.988
1.002
1.006
1.029
1.166
1.002
1.056
0.924
1.036
1.078
0.966
0.994
0.995
0.057
0.020
0.008
0.016
-0.010
-0.110
-0.008
-0.098
0.025
0.010
0.031
0.089
0.053
-0.156
-0.025
0.000
0.019
-0.060
0.045
0.943
0.941
1.036
1.071
0.956
0.896
1.009
1.141
1.016
1.037
0.917
0.986
1.054
0.921
0.976
1.069
1.092
0.965
1.031
0.928
0.981
1.063
0.951
0.979
0.918
0.936
1.036
0.916
0.917
1.159
0.955
1.024
0.912
0.917
1.140
1.094
0.967
1.041
1.003
1.052
0.988
0.956
0.975
1.074
1.060
1.019
1.011
0.974
1.005
1.012
0.931
0.975
1.089
1.045
0.931
1.034
1.096
0.086
-0.025
-0.078
-0.033
0.044
0.117
-0.022
0.020
-0.053
0.047
-0.025
0.055
0.023
-0.035
0.067
0.031
-0.101
-0.026
0.086
-0.076
0.043
0.003
0.032
0.032
-0.039
-0.038
0.046
-0.066
-0.016
-0.101
0.144
0.063
0.063
-0.029
0.089
-0.018
0.041
0.058
-0.104
-0.013
0.008
-0.117
-0.063
0.102
-0.016
0.071
0.022
-0.121
0.000
-0.052
0.005
-0.055
0.010
0.032
0.013
0.003
0.124
-0.121
-0.053
0.040
-0.051
0.123
0.076
-0.021
-0.052
0.018
0.056
-0.067
0.073
0.051
-0.060
-0.095
0.034
-0.152
-0.039
-0.028
-0.104
-0.059
-0.033
0.012
-0.066
0.008
0.095
-0.017
0.053
0.036
0.045
-0.058
0.012
-0.009
0.029
0.039
0.060
0.005
0.005
-0.066
0.026
0.014
-0.007
-0.029
-0.054
-0.015
-0.110
0.060
0.105
-0.012
0.016
0.075
0.074
0.003
0.070
0.108
-0.104
-0.020
0.124
0.060
0.012
0.133
-0.112
0.112
0.003
-0.038
-0.021
-0.140
0.080
-0.033
0.111
0.103
0.086
0.080
-0.010
-0.022
-0.010
1.046
0.939
1.111
1.005
0.969
0.870
0.949
0.944
1.077
0.895
1.012
1.007
0.981
0.956
0.913
1.053
1.012
0.883
0.947
0.967
1.018
1.013
0.948
1.000
0.905
0.964
1.077
1.066
1.023
1.080
1.079
0.936
1.080
0.987
1.021
1.043
0.961
0.994
0.899
1.032
1.113
0.920
0.972
0.997
1.036
0.946
0.987
0.954
1.020
1.020
1.019
0.943
0.974
0.940
1.129
1.029
0.974
0.031
-0.120
-0.026
0.027
0.000
-0.011
-0.006
0.021
-0.100
0.054
-0.080
0.097
0.045
-0.161
-0.115
-0.009
0.002
-0.019
-0.093
1.010
0.914
0.998
1.099
1.188
0.963
1.110
1.055
0.980
0.981
0.972
1.072
0.940
0.932
0.995
1.048
1.071
1.067
1.016
0.971
0.914
0.991
0.918
0.989
1.066
1.008
0.958
0.909
1.015
1.049
0.979
1.089
1.073
0.983
0.969
0.970
1.109
0.994
1.044
0.982
0.985
0.811
0.947
0.922
1.033
1.013
1.043
0.996
0.994
0.964
1.004
1.052
1.034
1.033
1.073
1.081
0.965
0.106
-0.051
0.030
0.092
0.053
-0.130
-0.061
-0.052
-0.070
0.012
-0.083
0.107
0.068
0.078
-0.009
0.014
0.107
0.047
-0.040
0.835
1.129
1.088
1.011
1.129
0.990
0.824
0.982
1.000
1.071
0.985
0.903
0.938
1.060
0.985
1.086
1.059
1.033
1.070
0.033
0.022
-0.077
-0.041
0.130
0.059
0.051
-0.022
-0.047
-0.111
-0.074
0.015
-0.005
-0.011
0.105
0.071
-0.048
0.027
-0.000
0.003
0.072
-0.003
0.032
-0.022
0.063
0.054
0.002
0.005
-0.032
0.149
0.014
0.082
-0.125
-0.091
0.024
0.066
-0.002
-0.058
-0.105
-0.001
-0.050
-0.054
0.025
-0.011
0.012
0.118
-0.096
0.127
0.104
0.062
0.007
0.084
-0.084
0.057
0.023
0.130
0.019
1.003
1.021
0.895
1.046
1.012
1.011
1.102
1.118
0.920
0.926
1.027
1.199
1.062
0.967
1.007
0.862
1.098
1.121
0.965
0.992
0.972
1.007
0.979
0.990
0.901
1.073
1.086
1.037
0.993
0.968
1.123
0.897
0.982
0.973
1.034
0.996
1.047
0.932
1.081
0.974
0.946
1.082
1.005
0.972
1.028
1.041
1.043
0.962
0.960
1.090
0.771
0.932
0.981
0.853
1.087
0.995
0.895
0.051
0.063
-0.049
0.013
0.058
-0.053
-0.054
-0.087
0.044
-0.121
0.050
0.105
0.015
-0.083
0.066
-0.032
-0.122
0.087
-0.001
1.012
1.052
0.857
1.090
1.063
1.016
1.103
0.980
1.030
1.012
1.024
0.977
1.031
0.994
1.005
1.054
0.944
0.997
0.937
1.037
0.993
1.063
0.927
1.093
0.861
1.023
1.039
0.987
0.974
0.944
0.897
0.942
0.913
0.816
1.028
0.993
1.092
1.094
1.027
0.937
1.116
0.904
0.949
0.996
1.026
1.066
1.039
1.016
0.926
0.880
0.969
0.997
1.094
0.909
1.026
1.038
0.985
-0.006
-0.045
0.070
0.014
-0.019
0.066
0.085
0.050
0.022
-0.083
-0.020
-0.024
0.047
-0.013
0.050
0.053
0.025
-0.052
-0.039
0.899
1.079
0.950
0.975
1.021
0.986
0.989
0.996
0.993
0.972
1.040
1.026
0.930
1.044
0.931
0.944
1.005
0.901
0.985
0.962
0.977
0.999
1.096
0.988
0.993
0.992
0.974
1.120
0.943
0.922
1.034
0.970
1.039
0.966
1.051
0.973
0.986
0.982
0.980
0.993
1.064
1.045
1.065
0.911
1.052
0.929
1.054
0.995
1.015
0.974
1.136
0.937
1.002
0.844
1.003
0.965
1.012
0.005
-0.138
0.204
0.032
0.015
0.001
-0.079
0.111
-0.115
-0.126
-0.016
0.003
-0.112
-0.138
-0.042
-0.021
0.057
0.102
0.110
0.121
0.014
-0.065
-0.075
-0.022
-0.046
0.016
-0.071
-0.020
0.007
-0.028
-0.006
0.040
-0.162
-0.067
-0.032
-0.015
-0.082
0.009
-0.045
0.044
-0.073
-0.070
-0.023
0.032
0.040
-0.098
0.077
0.053
-0.051
0.123
0.088
0.002
-0.047
-0.015
0.095
-0.050
-0.026
0.930
1.100
0.973
1.110
0.994
1.043
0.899
1.002
0.852
1.062
1.016
0.936
0.937
0.972
0.938
1.122
0.831
1.018
1.105
1.007
0.974
0.971
0.934
1.081
0.982
0.974
1.029
0.922
1.100
1.056
1.068
0.906
0.983
1.091
0.906
0.970
1.060
1.020
1.012
0.965
1.023
0.983
0.970
0.906
0.997
1.039
0.991
1.005
0.927
0.884
0.997
1.040
1.017
0.936
0.871
0.995
0.921
-0.011
0.018
0.118
-0.003
-0.057
0.142
0.049
-0.042
-0.063
0.063
0.085
-0.068
0.038
0.036
0.027
0.050
0.030
0.048
0.052
1.059
1.034
1.117
1.011
1.041
1.081
0.913
0.991
0.898
1.119
0.975
1.000
1.103
0.940
1.009
1.064
0.946
1.067
1.002
0.166
0.072
-0.090
-0.112
-0.117
-0.018
-0.063
-0.126
-0.089
-0.022
-0.052
0.052
-0.076
-0.035
0.106
-0.060
-0.030
0.129
0.063
-0.064
-0.005
0.053
0.042
0.004
0.029
-0.016
0.001
0.080
0.005
-0.051
-0.033
-0.023
0.004
0.047
0.040
-0.106
-0.074
0.088
-0.069
-0.033
-0.020
-0.018
-0.022
0.012
0.011
-0.012
-0.015
-0.041
-0.103
-0.066
-0.046
-0.036
-0.141
0.011
-0.001
0.022
0.024
1.057
0.979
0.917
1.060
0.943
1.120
1.078
0.975
0.935
0.935
1.103
1.103
1.035
0.973
1.024
1.007
0.998
0.880
1.008
0.990
0.981
1.016
0.944
1.229
0.971
0.956
0.931
0.946
1.052
1.183
1.023
0.923
1.001
0.971
0.981
0.984
0.956
0.885
1.048
0.928
0.983
0.999
1.082
1.014
0.880
1.041
0.947
1.028
1.022
1.034
0.984
1.004
0.887
1.039
0.961
0.958
1.088
-0.058
0.083
0.030
-0.015
0.044
0.011
-0.049
-0.066
0.094
-0.072
0.062
0.035
0.092
0.068
-0.111
-0.077
0.043
0.062
0.058
0.981
0.965
0.981
1.154
0.978
0.986
0.941
0.975
1.000
1.135
1.093
1.033
0.983
0.896
0.971
1.023
1.108
1.149
0.975
-0.072
-0.043
-0.028
0.072
0.023
0.041
-0.109
-0.109
0.004
-0.007
-0.003
-0.058
-0.117
0.074
0.029
0.047
-0.091
0.054
-0.092
0.017
0.083
0.047
0.137
-0.015
-0.015
-0.077
-0.017
-0.030
0.005
-0.086
0.077
0.061
0.002
-0.010
-0.057
-0.081
0.129
-0.073
0.034
-0.059
0.112
-0.064
-0.035
-0.069
0.070
0.023
-0.002
0.084
-0.079
-0.066
-0.001
-0.115
-0.007
0.067
-0.047
0.003
-0.060
0.977
0.983
1.015
1.100
1.064
1.060
1.046
0.955
1.061
1.095
0.898
1.035
0.940
1.019
0.979
1.078
0.966
1.083
1.045
-0.031
-0.054
-0.172
0.026
-0.056
0.117
-0.006
0.029
-0.006
0.070
-0.050
0.024
-0.079
-0.058
-0.001
-0.018
0.090
-0.201
-0.007
0.814
0.897
0.872
0.907
1.020
0.948
1.083
0.997
1.056
0.961
0.980
0.970
0.961
0.917
1.111
1.022
1.067
1.030
1.001
0.950
0.986
0.963
1.004
0.972
1.014
0.916
1.087
1.040
0.880
0.949
0.946
0.971
1.005
0.955
0.902
0.964
1.027
0.925
0.980
0.967
0.985
1.002
1.143
0.875
0.971
1.025
0.975
0.922
0.899
1.023
1.034
1.051
1.040
1.040
1.046
1.114
0.944
0.011
0.027
-0.002
0.116
-0.057
-0.026
0.053
0.082
0.033
0.037
0.053
0.036
0.067
-0.010
-0.016
0.009
0.094
0.000
0.119
0.005
-0.004
-0.078
0.133
-0.015
-0.022
0.001
-0.017
-0.087
0.020
-0.047
0.069
-0.056
-0.048
0.028
-0.028
-0.055
0.086
0.067
-0.090
0.084
-0.041
0.070
0.019
-0.057
0.105
-0.066
-0.093
-0.168
0.088
0.085
0.108
-0.013
-0.088
-0.024
0.001
0.037
-0.004
-0.035
0.021
0.056
0.059
-0.011
0.009
0.075
0.063
-0.054
0.117
0.104
-0.056
-0.085
0.010
0.139
0.085
0.034
0.065
0.160
-0.103
-0.040
0.032
0.047
0.075
0.048
0.055
-0.005
0.064
0.036
-0.048
-0.089
0.068
-0.008
-0.084
0.083
-0.022
0.033
0.027
0.048
-0.067
0.025
-0.064
0.126
0.112
0.001
-0.029
0.025
-0.012
-0.061
0.003
-0.031
0.016
0.042
-0.035
0.071
0.012
0.015
0.017
-0.013
-0.038
-0.003
-0.012
0.039
-0.035
-0.084
0.147
0.133
0.002
-0.043
0.007
-0.006
-0.089
-0.105
-0.033
0.048
-0.024
0.911
1.069
1.069
0.869
0.931
1.046
1.009
1.098
1.033
0.942
0.981
0.937
1.034
1.097
0.993
1.001
1.054
1.038
0.954
1.038
0.882
1.158
1.013
0.993
0.963
0.953
1.004
1.049
1.042
1.033
0.976
1.001
0.986
1.035
0.928
0.967
1.113
0.869
1.043
0.917
1.074
1.027
0.953
0.967
0.948
0.869
0.867
1.045
0.969
0.974
0.978
0.946
1.005
1.078
0.988
0.911
1.124
0.074
-0.010
-0.018
0.077
-0.056
-0.021
0.012
0.055
0.155
0.139
-0.054
-0.086
-0.004
-0.039
-0.054
0.020
-0.011
0.044
0.052
1.020
0.955
1.012
1.081
0.972
1.039
1.066
1.012
0.993
1.005
0.939
0.970
1.024
0.951
0.992
1.043
0.889
1.051
0.977
1.067
1.062
1.092
1.030
1.022
0.982
0.991
1.041
1.081
1.000
0.982
0.922
1.042
0.892
1.134
0.963
0.895
1.031
1.088
1.022
0.915
1.002
1.004
1.164
1.066
0.993
1.116
0.924
1.186
0.952
0.997
0.999
1.072
1.016
1.035
0.942
0.981
0.951
-0.032
0.055
0.067
0.071
0.119
0.118
-0.059
0.072
0.074
-0.030
0.036
0.087
-0.042
0.012
-0.023
-0.085
0.017
-0.075
0.011
-0.030
0.088
-0.003
0.006
-0.023
-0.103
0.073
-0.055
0.082
0.049
0.080
-0.010
-0.074
0.010
0.069
-0.004
-0.093
-0.003
0.096
0.039
-0.004
-0.068
0.014
0.135
0.079
0.080
-0.125
-0.061
0.101
0.029
-0.016
-0.015
0.012
-0.035
-0.003
0.073
-0.047
-0.063
1.040
1.024
1.081
1.032
1.062
1.006
0.988
0.974
0.880
1.034
1.097
1.039
1.059
0.944
1.011
1.016
1.016
1.052
0.984
0.000
-0.147
0.012
0.132
0.014
0.078
0.029
0.023
0.037
0.044
0.049
0.074
-0.004
-0.015
0.048
0.019
-0.072
0.059
0.104
1.063
0.939
1.089
1.037
0.959
0.997
0.991
0.921
1.138
1.032
0.957
0.849
0.861
1.002
1.052
0.856
0.942
0.973
0.927
1.013
0.919
1.015
1.000
1.030
0.981
0.901
1.010
0.885
0.997
0.984
1.039
0.956
1.011
0.988
0.872
0.977
1.021
0.904
1.056
1.054
0.908
1.022
0.987
1.057
1.035
1.051
1.103
1.014
1.013
1.108
1.184
1.055
1.001
1.104
0.934
0.899
1.062
0.059
0.068
-0.075
0.131
-0.064
0.021
0.034
0.001
-0.162
0.074
0.166
0.072
-0.066
0.028
0.020
0.108
-0.125
0.033
-0.115
-0.146
-0.094
-0.031
0.057
0.012
0.046
-0.033
0.029
0.102
0.036
-0.002
0.041
-0.104
0.040
-0.059
-0.076
0.178
0.000
0.095
0.092
0.073
-0.108
0.007
-0.009
-0.077
-0.114
-0.026
-0.049
-0.026
-0.139
0.094
-0.083
0.013
-0.054
0.028
-0.047
0.065
0.019
1.169
1.067
1.105
0.948
0.925
1.040
0.914
0.876
0.952
1.086
1.025
1.015
1.015
1.021
1.001
1.050
1.017
0.960
1.030
1.120
1.032
1.001
1.138
0.903
1.037
1.047
1.079
0.955
1.022
0.879
0.992
0.964
0.971
0.976
0.909
0.985
0.960
1.081
1.019
1.079
1.120
1.011
0.920
0.988
1.051
0.992
1.024
0.965
0.992
1.040
0.969
1.063
0.911
0.995
1.013
0.928
1.043
0.155
-0.055
0.070
-0.019
0.047
0.030
-0.039
-0.033
0.035
-0.038
0.084
0.071
-0.031
-0.010
-0.029
0.079
-0.027
0.028
0.037
1.140
1.007
0.943
1.014
1.090
0.867
0.973
1.043
0.985
1.066
1.104
0.936
1.049
1.069
1.054
1.070
0.893
1.021
0.964
-0.083
-0.130
0.093
0.092
-0.070
-0.094
0.013
0.014
-0.003
0.055
0.011
-0.075
-0.017
-0.051
-0.001
-0.052
0.001
-0.026
0.046
0.887
1.130
1.064
0.969
1.087
1.008
0.999
0.973
0.967
1.133
0.946
1.055
1.016
0.964
1.115
0.977
1.055
1.120
0.965
0.983
1.001
0.996
1.024
1.005
0.994
0.954
0.951
1.052
0.922
0.977
1.081
0.976
0.929
0.977
0.950
0.945
1.010
1.066
0.903
1.039
1.053
1.065
0.949
1.000
0.994
1.019
1.084
1.032
1.027
0.977
1.073
1.006
1.068
1.045
1.007
0.945
1.046
0.050
-0.042
0.015
-0.107
-0.007
-0.009
-0.010
0.093
0.025
0.035
-0.053
0.005
-0.032
-0.198
0.007
-0.038
0.095
0.094
0.030
0.028
0.045
0.010
0.134
-0.168
0.112
-0.042
-0.070
-0.111
-0.002
0.017
-0.085
0.099
0.026
-0.009
0.033
-0.067
-0.016
-0.048
-0.156
0.156
-0.047
-0.065
0.038
-0.109
-0.091
0.029
0.064
0.079
0.023
0.067
-0.053
0.004
-0.012
0.025
0.035
0.056
0.027
0.976
0.934
1.021
0.965
1.006
0.953
1.004
0.936
1.081
1.041
0.825
0.915
1.022
1.074
1.001
0.820
0.963
1.044
0.952
-0.077
-0.116
-0.091
0.091
-0.095
0.048
-0.020
0.169
-0.012
-0.048
0.065
-0.057
-0.042
0.037
-0.025
-0.051
0.047
0.049
-0.036
0.072
-0.201
-0.013
0.085
-0.010
0.051
-0.019
0.113
-0.062
-0.030
-0.117
0.005
0.165
-0.054
0.011
0.033
-0.266
-0.074
0.011
-0.115
-0.064
-0.037
0.076
0.058
0.057
0.045
-0.019
-0.055
-0.033
0.085
0.039
0.048
-0.048
0.029
-0.010
-0.015
0.044
0.058
0.047
-0.012
0.026
0.007
-0.085
0.068
-0.007
-0.099
-0.019
0.021
0.074
-0.004
0.090
0.011
0.034
0.064
-0.000
0.035
0.006
0.145
0.001
0.088
-0.024
0.052
0.029
-0.077
0.033
0.131
0.108
-0.029
0.120
-0.049
-0.038
0.144
-0.024
0.013
-0.033
0.012
0.047
-0.093
0.072
0.085
-0.031
-0.108
-0.038
0.064
0.050
-0.074
0.042
0.058
0.053
0.003
-0.043
-0.010
-0.061
-0.052
-0.089
-0.015
0.060
-0.059
-0.046
-0.080
-0.049
0.047
-0.066
-0.085
-0.091
0.035
0.050
0.061
-0.077
-0.027
-0.042
-0.051
-0.052
0.050
0.951
1.037
0.983
0.975
0.954
0.868
0.981
0.937
1.051
0.977
0.985
1.098
0.995
1.116
0.957
1.016
0.891
1.022
1.004
0.010
-0.020
-0.042
0.087
0.038
-0.037
-0.114
-0.017
0.001
0.038
0.011
0.082
0.075
0.007
0.108
0.068
0.036
-0.088
0.077
1.076
1.045
0.894
0.906
0.940
1.031
1.004
1.012
0.961
1.022
1.050
1.233
0.993
0.926
0.949
1.059
0.988
1.049
1.002
-0.072
-0.041
0.087
0.031
0.023
-0.015
-0.131
0.127
0.083
-0.048
0.022
0.036
-0.077
0.051
-0.062
0.012
-0.082
0.012
-0.014
0.992
0.905
1.065
1.063
0.889
0.948
0.874
0.935
0.936
1.050
1.079
1.084
1.054
0.915
1.128
0.964
0.944
0.977
0.933
0.010
-0.022
0.101
-0.046
0.079
-0.029
-0.070
0.026
0.083
-0.017
0.027
0.056
0.036
0.006
0.116
-0.006
-0.027
-0.137
-0.025
1.000
1.058
1.011
0.992
1.019
0.876
0.955
1.044
0.996
1.170
0.805
1.020
0.926
1.139
1.073
0.975
1.114
1.124
1.043
-0.031
-0.003
-0.089
-0.044
-0.063
-0.033
0.134
-0.085
-0.089
0.001
0.048
0.103
0.005
-0.044
0.019
-0.022
-0.126
0.143
-0.105
-0.068
-0.068
0.041
-0.009
-0.020
0.077
-0.026
0.086
0.191
-0.033
0.182
-0.114
-0.005
-0.152
-0.083
-0.032
-0.028
-0.053
-0.023
0.037
0.083
-0.017
0.135
0.013
0.112
0.019
0.006
-0.046
0.053
0.029
-0.009
0.057
0.020
-0.038
-0.066
0.043
0.099
0.042
0.971
1.039
0.939
1.042
0.915
0.978
0.993
0.990
1.007
0.985
0.850
1.145
0.972
1.089
1.004
0.955
1.075
0.988
1.016
-0.097
-0.066
-0.029
-0.023
-0.132
0.142
0.046
0.120
0.016
0.066
-0.059
-0.017
-0.012
-0.024
0.121
-0.036
0.018
0.057
0.088
0.976
1.034
0.981
1.119
0.978
0.990
0.991
0.973
0.937
0.962
1.073
1.067
1.119
0.811
1.021
0.954
0.877
1.046
1.025
0.008
-0.012
0.015
-0.135
0.004
-0.115
-0.024
0.012
0.051
0.088
0.028
-0.048
0.062
-0.062
0.016
0.010
0.104
0.070
0.015
0.110
-0.051
0.115
-0.066
-0.081
0.003
-0.125
0.036
-0.050
0.021
-0.009
0.038
-0.010
0.010
0.025
-0.044
-0.079
0.150
0.012
-0.024
0.034
-0.093
0.073
0.089
-0.109
0.018
-0.008
-0.093
-0.074
-0.009
0.082
0.092
-0.000
0.084
0.008
0.033
0.058
0.010
0.932
1.030
0.953
0.901
0.765
1.033
1.082
0.997
0.944
0.880
1.011
1.014
1.000
0.904
0.913
1.119
1.017
0.992
1.047
0.913
1.020
1.129
1.007
0.988
1.032
1.182
1.013
1.019
1.072
0.851
0.888
0.932
0.958
0.948
1.031
1.033
1.042
0.984
1.119
1.029
1.072
1.012
0.874
0.983
0.968
0.980
0.966
0.883
0.892
0.949
0.925
0.927
0.958
1.071
0.896
1.099
0.838
0.088
0.112
-0.021
0.037
0.015
0.127
0.025
-0.083
-0.017
0.066
-0.055
0.025
-0.086
0.005
-0.041
-0.104
-0.086
0.043
-0.085
1.056
1.116
0.952
1.074
1.053
1.019
1.073
1.092
1.078
0.993
0.952
0.956
0.946
1.010
0.949
0.956
1.012
0.974
0.955
1.052
0.985
1.032
1.018
1.051
0.895
1.032
1.050
0.946
0.901
1.024
0.966
0.910
1.076
0.954
0.918
1.084
1.007
1.034
1.062
0.986
0.994
0.944
1.023
1.047
1.024
0.917
1.008
0.980
0.989
1.076
1.005
0.930
0.877
0.881
1.033
0.980
0.971
-0.006
-0.033
-0.019
-0.033
0.073
-0.008
0.058
-0.136
-0.003
0.001
-0.029
-0.030
0.071
0.042
-0.028
-0.129
0.091
-0.037
-0.059
-0.037
0.089
-0.146
-0.010
-0.006
0.062
0.086
-0.039
0.123
-0.069
-0.078
0.057
0.003
-0.089
0.004
0.019
-0.078
0.030
0.024
0.079
0.035
0.061
0.091
-0.031
-0.056
-0.028
0.007
0.098
-0.005
-0.069
-0.078
-0.062
0.018
0.092
-0.112
0.008
0.077
0.005
0.025
-0.017
0.039
0.024
-0.096
0.016
0.049
0.201
-0.107
0.083
-0.031
0.083
0.103
-0.163
0.016
0.053
-0.077
-0.018
0.018
-0.040
0.090
0.033
0.031
0.042
-0.160
0.057
-0.059
0.134
-0.093
0.047
0.017
0.008
0.272
0.058
-0.066
-0.017
-0.029
-0.047
-0.052
0.077
0.066
0.016
-0.018
-0.003
-0.032
0.222
-0.040
-0.017
0.043
-0.029
0.103
-0.108
-0.088
0.107
-0.008
-0.066
-0.068
0.069
0.063
0.030
0.078
0.060
-0.008
-0.003
0.044
0.017
-0.086
-0.150
-0.045
0.036
0.064
-0.013
0.087
-0.011
-0.064
-0.021
1.063
1.108
0.994
1.044
0.990
1.056
1.000
0.976
1.057
0.938
1.041
1.018
1.036
1.062
0.830
1.135
1.026
0.932
0.976
-0.011
0.006
0.018
0.005
0.028
-0.017
0.064
-0.026
0.012
-0.111
-0.036
0.060
-0.066
-0.001
-0.008
-0.008
0.151
0.114
-0.028
1.012
0.959
1.119
0.902
0.974
1.059
1.061
0.939
1.001
1.046
1.092
0.996
0.928
0.910
0.950
1.038
1.021
1.061
1.086
1.082
1.041
0.899
0.926
0.999
1.041
0.888
1.022
0.987
1.063
0.967
1.053
1.060
0.839
0.930
1.038
0.973
1.007
0.999
0.946
0.964
0.991
1.145
0.919
1.075
0.908
1.020
1.010
1.093
1.164
1.059
0.989
0.924
0.956
0.924
1.148
0.820
1.000
0.085
-0.022
-0.066
0.024
0.048
0.031
-0.086
-0.075
0.047
-0.010
-0.004
-0.085
-0.020
-0.016
-0.007
0.041
0.151
-0.031
-0.042
-0.054
-0.001
0.035
0.057
0.001
0.002
0.063
0.029
0.174
-0.126
0.077
0.038
-0.043
0.072
-0.138
-0.119
-0.123
-0.114
0.008
-0.170
0.036
-0.026
0.007
0.090
-0.093
-0.015
-0.000
0.006
-0.029
0.007
0.019
0.170
0.024
0.002
-0.092
0.003
0.052
-0.014
0.934
1.038
1.026
1.008
0.994
1.039
1.056
0.925
1.028
1.000
0.915
0.899
0.908
1.090
1.005
1.038
0.969
0.990
1.033
1.002
0.968
1.086
1.067
0.985
1.103
0.973
0.985
1.062
0.932
0.966
1.027
1.096
1.081
0.975
1.043
0.838
0.923
1.045
1.043
1.048
1.067
1.086
0.932
0.933
1.116
1.016
0.942
1.011
1.030
1.091
0.961
0.983
0.983
0.902
1.116
1.025
1.007
-0.006
0.035
0.000
-0.180
0.005
-0.030
0.034
0.040
-0.099
-0.101
0.012
-0.069
-0.047
0.031
-0.029
0.007
-0.042
-0.008
0.008
1.065
0.971
1.003
0.992
0.971
1.051
1.006
1.015
0.978
0.988
0.989
0.914
1.003
0.991
0.858
0.995
0.938
1.015
1.077
-0.086
-0.032
-0.061
0.010
-0.056
0.016
0.033
-0.096
-0.044
-0.059
-0.009
-0.081
0.021
-0.087
-0.123
0.003
-0.024
-0.050
-0.030
0.046
-0.008
0.020
0.028
0.011
0.087
0.062
-0.020
0.008
0.053
-0.041
0.043
-0.025
0.027
-0.016
-0.115
0.017
0.020
-0.022
-0.044
-0.062
0.118
0.155
-0.065
0.024
-0.114
-0.031
-0.034
-0.140
-0.000
0.075
-0.049
0.024
0.116
0.025
-0.005
0.020
0.101
-0.113
0.036
-0.022
-0.008
-0.054
-0.074
0.105
0.003
0.034
0.050
0.061
-0.060
-0.038
0.052
0.004
0.067
0.023
0.042
-0.067
0.106
-0.068
0.047
0.095
0.013
0.101
0.026
-0.019
0.103
0.135
-0.084
-0.031
0.076
0.047
0.022
-0.039
-0.190
0.019
-0.007
-0.025
-0.051
-0.049
-0.025
0.134
-0.009
0.051
-0.086
-0.133
-0.052
-0.037
-0.049
-0.058
0.002
-0.166
0.006
0.012
0.007
-0.151
0.028
-0.065
0.034
0.063
-0.014
0.008
0.104
0.161
0.075
-0.005
0.075
0.084
-0.097
-0.021
0.069
0.086
-0.009
0.062
0.031
1.038
1.038
1.022
0.948
1.124
0.891
0.948
0.977
1.044
0.963
1.023
1.094
1.052
1.049
0.971
1.006
0.966
0.963
0.899
1.110
0.955
1.079
0.980
1.099
0.968
0.981
1.064
1.019
0.949
1.003
1.028
1.185
1.006
0.893
1.033
0.958
1.015
0.961
0.970
0.900
0.984
1.052
1.199
0.935
0.924
1.009
1.024
0.985
0.953
1.012
1.087
0.928
0.988
1.000
0.930
1.060
1.029
-0.057
-0.006
-0.039
-0.041
0.080
-0.023
-0.045
-0.047
0.094
0.053
-0.052
-0.059
-0.090
0.087
-0.134
0.035
-0.002
-0.065
0.032
0.975
1.008
1.090
1.025
1.013
0.979
0.965
1.032
1.040
1.031
1.077
1.023
0.988
0.985
0.895
0.860
1.032
1.021
1.086
1.050
0.883
1.024
0.973
1.057
0.990
0.879
1.073
1.044
1.010
0.904
1.011
0.993
1.020
1.036
0.918
0.987
0.973
1.075
1.061
0.985
1.074
0.972
0.965
0.993
1.079
1.051
0.921
0.932
0.975
1.049
0.974
1.019
1.031
1.041
1.002
0.977
1.007
-0.014
0.027
-0.057
0.061
0.030
-0.124
-0.017
-0.021
0.153
0.001
0.089
0.016
0.009
0.027
-0.041
0.054
0.010
0.000
-0.122
1.033
1.008
0.969
1.090
1.115
0.956
1.046
0.997
1.088
1.008
0.862
1.047
0.962
0.983
1.019
0.977
0.973
0.975
0.990
1.163
0.904
1.126
1.025
1.057
1.023
0.987
0.931
0.917
1.041
1.054
1.009
1.069
0.967
0.998
0.990
0.965
0.997
0.955
1.035
0.982
1.001
0.927
0.911
1.032
0.970
1.037
0.919
1.056
1.044
0.993
1.108
0.915
0.915
0.885
1.077
1.075
1.058
0.096
-0.142
0.058
0.022
0.043
0.075
-0.083
0.036
0.003
-0.054
-0.020
-0.097
0.020
-0.052
0.023
-0.038
-0.012
0.005
0.052
-0.069
-0.016
0.074
0.085
0.054
0.026
-0.020
-0.034
0.037
-0.147
0.022
0.088
-0.036
0.120
-0.095
-0.033
0.053
0.031
-0.067
-0.015
0.007
0.007
0.007
0.020
0.031
-0.006
0.085
0.064
0.230
0.014
0.009
-0.038
0.037
-0.043
-0.063
-0.024
-0.163
0.014
0.998
0.964
1.025
1.034
1.124
1.000
0.970
1.031
0.871
1.021
1.026
1.088
1.001
0.999
1.024
1.038
1.006
0.935
0.919
-0.051
-0.102
0.112
-0.060
-0.066
0.026
0.042
0.072
0.014
-0.053
0.075
-0.018
0.050
0.015
-0.077
0.010
0.027
0.111
-0.108
1.038
0.984
1.025
1.018
1.060
0.930
0.870
1.071
0.998
0.898
0.925
1.017
0.873
0.998
0.984
0.899
1.011
1.023
1.104
0.004
-0.012
-0.007
0.086
-0.031
0.023
-0.069
-0.034
-0.070
-0.070
0.014
0.018
-0.019
0.017
-0.006
-0.064
-0.015
-0.047
0.069
1.036
0.988
0.927
1.007
0.968
1.043
0.998
1.031
0.928
1.101
0.854
0.917
1.028
1.089
0.923
0.917
1.080
0.989
1.037
1.048
1.018
0.990
1.070
0.977
1.057
0.833
1.125
0.963
0.861
0.896
0.964
0.958
1.089
0.926
0.916
0.912
0.933
0.907
1.100
0.969
0.941
1.074
1.034
0.965
1.079
0.969
1.039
1.014
1.078
1.065
0.956
1.007
1.081
0.977
1.065
1.009
0.994
-0.019
-0.021
-0.085
-0.091
0.021
-0.051
0.021
-0.022
0.029
-0.040
0.013
0.039
0.015
0.047
0.019
0.152
-0.060
0.053
-0.014
0.994
0.904
0.892
1.083
0.961
1.093
1.028
0.966
0.839
1.037
1.061
0.956
1.003
0.975
0.904
0.999
0.982
1.000
0.957
0.157
-0.033
-0.022
0.017
0.047
0.024
-0.072
-0.026
0.012
-0.025
0.165
-0.090
0.061
-0.141
-0.047
-0.131
-0.026
-0.023
0.081
0.068
-0.078
0.027
0.070
0.038
-0.042
0.055
-0.029
0.045
0.000
-0.043
0.059
-0.105
0.023
0.111
0.111
0.005
0.149
0.047
0.004
0.013
0.055
0.112
0.131
0.006
0.036
-0.037
-0.009
0.087
-0.095
0.090
-0.170
-0.051
0.089
0.014
-0.036
0.122
0.058
0.933
0.984
0.916
0.904
0.950
0.980
1.061
1.097
1.071
1.036
1.099
1.072
0.989
1.066
0.946
0.957
1.022
0.938
1.046
0.097
0.072
-0.069
-0.018
-0.058
0.174
0.022
0.058
0.078
0.077
0.064
-0.048
-0.053
-0.078
0.013
0.024
0.045
-0.002
-0.068
0.991
0.937
0.968
0.981
1.074
0.944
1.089
1.087
1.034
1.090
1.020
1.026
1.108
0.869
0.997
0.939
0.956
0.967
1.003
0.047
-0.067
-0.064
-0.076
0.049
-0.010
-0.034
-0.033
-0.111
-0.118
-0.128
0.070
0.040
-0.021
-0.024
-0.097
0.104
-0.016
0.045
1.142
1.093
0.945
1.010
1.136
0.994
1.116
1.015
1.099
0.923
0.987
0.990
0.936
1.094
1.026
1.056
1.021
1.101
0.973
0.993
0.867
0.976
0.931
1.184
0.962
0.941
0.885
0.887
1.030
0.914
0.917
0.931
1.124
0.987
0.872
0.954
0.968
0.899
0.978
1.002
1.057
1.029
0.984
0.978
1.126
0.985
1.185
0.970
1.015
1.090
1.046
0.947
0.976
1.058
1.024
1.064
1.150
-0.083
-0.002
0.054
-0.104
-0.084
-0.154
-0.090
-0.025
-0.087
-0.000
-0.022
0.005
0.108
-0.009
-0.008
0.029
0.084
-0.128
0.021
1.048
0.839
0.943
1.004
0.979
1.027
0.907
0.946
0.952
1.019
1.090
0.990
0.976
0.915
0.970
0.968
1.065
1.029
0.951
0.083
0.130
0.063
-0.108
-0.056
-0.036
-0.062
0.158
0.061
-0.005
-0.039
-0.073
-0.010
-0.076
0.121
-0.022
-0.140
0.089
-0.016
-0.034
0.032
0.077
-0.120
0.040
0.002
0.037
-0.007
0.087
-0.010
-0.005
-0.167
0.061
-0.042
0.038
0.054
0.020
-0.013
0.004
-0.075
-0.007
0.004
0.123
0.150
0.025
-0.047
-0.004
0.029
0.025
-0.042
0.017
0.051
-0.012
0.068
0.098
-0.052
0.008
0.120
1.051
0.987
1.026
0.997
1.065
1.004
1.020
0.958
1.024
0.949
0.968
1.016
1.044
0.894
0.994
1.141
0.937
0.983
0.993
-0.001
-0.004
-0.111
-0.003
-0.019
-0.017
-0.141
-0.029
0.092
0.009
-0.015
0.070
0.003
-0.016
0.105
-0.135
0.021
0.031
-0.002
0.032
0.079
-0.134
0.029
-0.047
0.146
0.013
0.002
-0.076
-0.036
-0.093
0.050
-0.034
-0.035
0.101
0.161
-0.028
0.011
0.014
-0.062
0.010
0.043
-0.092
-0.040
0.030
-0.007
-0.091
0.041
0.015
-0.011
-0.166
-0.029
0.028
-0.048
-0.053
-0.040
-0.026
0.087
0.967
0.931
1.004
0.981
1.104
0.946
0.951
0.932
0.960
1.086
0.993
0.892
0.828
0.921
1.066
0.925
1.051
1.013
0.980
0.033
-0.090
0.054
-0.090
0.029
-0.039
-0.079
-0.031
0.019
0.053
-0.042
0.025
0.027
-0.027
0.014
-0.136
0.068
0.080
-0.112
1.022
0.872
0.841
1.041
0.990
1.047
1.013
1.059
0.957
0.947
1.033
0.923
0.917
0.951
0.956
0.948
0.949
1.054
1.068
0.990
0.953
0.945
1.021
0.982
1.120
1.074
0.975
0.998
1.026
0.999
1.014
0.941
1.010
0.963
0.969
1.024
0.961
0.968
0.975
0.993
1.056
1.078
1.133
1.137
1.035
0.976
0.940
1.064
1.078
0.895
1.103
1.076
1.023
1.067
1.028
1.046
0.928
-0.024
0.063
-0.002
-0.037
-0.028
0.104
0.032
-0.151
-0.022
0.022
0.104
-0.047
-0.053
-0.036
-0.045
0.007
0.003
-0.024
0.029
1.126
0.932
1.091
1.087
1.094
1.018
1.043
0.951
0.970
0.951
1.046
1.045
1.012
0.985
0.891
0.994
1.040
0.944
1.077
-0.111
0.016
0.002
-0.071
0.012
0.054
0.081
-0.003
-0.073
-0.056
-0.016
-0.084
0.069
-0.014
-0.011
-0.047
-0.009
0.010
-0.038
0.110
0.062
0.025
0.184
-0.024
0.092
0.027
-0.017
0.061
-0.004
-0.036
0.073
0.025
-0.015
0.122
0.068
-0.023
0.074
0.068
0.060
0.042
0.017
-0.013
-0.005
-0.008
0.125
-0.119
0.024
0.003
0.074
0.055
-0.084
-0.053
0.034
0.061
-0.116
0.064
0.002
0.130
0.111
0.077
0.019
0.091
0.069
0.028
0.110
0.109
0.061
0.115
0.021
0.078
-0.124
-0.001
-0.054
-0.035
-0.035
-0.054
-0.053
0.066
-0.049
-0.019
0.118
0.004
0.090
-0.018
0.082
0.069
0.125
0.045
-0.007
-0.036
0.074
-0.008
-0.005
-0.043
0.011
0.000
-0.124
-0.068
-0.025
0.073
0.105
0.096
0.110
0.043
-0.052
-0.026
0.014
0.054
-0.089
-0.106
-0.086
-0.104
-0.074
0.061
-0.071
0.025
0.097
-0.108
-0.024
0.055
-0.074
-0.038
-0.100
-0.011
-0.012
0.140
0.075
-0.064
-0.086
-0.001
-0.016
-0.032
0.028
1.047
1.055
0.997
1.132
1.048
0.925
1.121
0.991
1.098
0.991
0.997
0.875
1.127
0.941
0.938
1.064
0.953
0.979
1.064
-0.035
-0.026
0.013
0.010
-0.039
-0.128
-0.097
-0.118
0.008
0.009
-0.020
0.114
0.092
-0.022
-0.015
0.204
-0.066
-0.062
0.156
1.047
1.007
1.004
0.919
0.990
1.054
0.929
1.057
1.004
0.971
1.134
1.044
0.950
0.923
0.916
0.958
1.055
0.967
1.032
-0.162
0.069
-0.118
0.026
0.051
-0.137
0.098
0.006
0.040
0.036
-0.054
0.002
0.071
-0.027
0.044
-0.083
-0.049
0.046
0.092
0.919
0.969
1.052
0.942
0.901
1.050
0.997
1.005
0.999
1.025
0.958
1.017
1.030
0.912
1.011
0.970
1.106
1.074
1.008
-0.043
-0.026
0.001
0.011
0.093
0.017
-0.107
-0.056
-0.079
-0.032
0.005
-0.043
-0.066
0.060
-0.088
-0.124
0.005
0.091
-0.043
1.058
1.020
1.047
0.948
1.008
1.013
1.020
0.894
1.010
1.077
1.040
0.941
1.065
0.866
1.111
0.965
1.021
1.036
1.008
-0.123
-0.142
-0.055
0.021
-0.103
-0.075
0.037
-0.146
-0.105
0.088
-0.035
0.070
-0.048
-0.048
-0.059
0.075
0.021
0.077
-0.139
-0.118
-0.009
0.052
-0.001
-0.035
-0.031
0.009
-0.021
0.034
-0.014
-0.106
-0.016
-0.048
-0.022
-0.057
0.087
-0.086
-0.121
0.006
-0.092
0.058
-0.018
-0.113
0.023
-0.117
-0.021
-0.107
-0.024
-0.051
0.015
0.003
0.005
-0.041
-0.099
-0.042
-0.077
-0.045
-0.072
1.104
1.162
0.884
0.947
1.055
1.116
0.970
0.820
1.082
0.969
0.959
1.024
0.981
0.904
0.923
1.011
0.984
0.901
1.074
-0.076
-0.066
0.037
0.034
-0.004
-0.122
0.197
-0.071
-0.121
0.061
-0.104
-0.008
-0.021
0.051
0.138
0.025
-0.070
0.031
-0.051
-0.005
-0.038
0.009
-0.218
-0.056
-0.051
0.073
0.026
-0.075
0.004
0.118
-0.050
-0.024
0.054
0.007
0.013
0.021
0.043
-0.012
-0.159
0.154
0.163
-0.035
-0.011
0.141
0.030
0.139
-0.071
0.023
-0.011
-0.013
0.012
0.045
0.092
-0.097
-0.049
-0.028
0.030
-0.018
0.022
-0.090
0.010
-0.038
-0.008
-0.010
0.021
-0.087
-0.039
-0.123
-0.092
-0.101
0.084
-0.197
0.134
-0.116
-0.074
-0.081
-0.101
0.058
0.047
0.011
0.014
-0.047
-0.041
-0.107
0.074
-0.160
-0.048
0.026
-0.142
0.006
-0.002
-0.073
0.004
0.018
0.052
-0.002
0.028
-0.035
-0.124
-0.014
0.007
-0.076
0.105
0.087
-0.038
0.061
0.062
0.048
-0.113
-0.123
0.071
-0.044
-0.082
-0.014
0.064
0.065
0.024
-0.045
0.185
0.007
-0.056
-0.090
0.029
-0.074
0.065
-0.022
-0.010
0.080
0.008
-0.018
-0.041
0.006
-0.026
0.968
1.097
1.082
0.872
0.978
0.975
1.057
1.022
0.891
1.128
1.051
1.000
1.079
0.856
0.955
0.979
0.967
1.023
1.026
1.101
1.015
1.020
0.961
1.002
1.165
0.923
1.002
1.050
1.088
1.041
1.023
1.020
0.973
1.041
0.910
1.068
1.000
1.114
0.831
1.010
1.083
1.088
0.861
0.964
1.105
0.906
1.003
0.991
0.947
0.954
1.059
0.959
1.017
0.927
0.999
1.041
0.924
-0.001
-0.024
0.092
0.186
0.092
0.024
0.002
-0.021
-0.043
0.020
0.017
0.017
-0.021
-0.032
-0.002
0.005
0.005
-0.048
-0.149
0.853
1.033
0.943
0.997
1.050
1.081
0.956
1.003
0.928
0.977
0.970
1.025
1.044
0.937
0.946
0.990
0.993
0.990
1.010
0.016
-0.066
-0.010
-0.001
0.039
0.056
-0.029
-0.015
-0.051
-0.034
-0.021
0.129
-0.008
0.031
-0.000
0.058
0.042
-0.070
-0.053
0.987
0.995
1.020
0.928
1.047
0.941
0.935
0.956
0.999
0.999
1.015
0.920
0.992
1.049
1.008
1.052
1.082
1.144
0.972
0.972
0.880
1.116
0.928
1.018
1.071
1.000
1.032
0.948
0.920
1.050
1.202
0.954
1.052
1.037
0.931
0.973
1.058
1.024
0.944
1.003
1.034
1.054
1.086
1.028
1.051
1.046
1.015
0.957
1.083
0.995
1.130
1.033
0.917
1.009
0.993
1.062
1.041
-0.065
-0.048
0.014
-0.028
-0.114
0.064
0.028
0.059
0.037
0.088
0.130
0.015
0.003
0.161
0.003
0.066
0.050
-0.013
0.180
1.074
1.029
0.925
1.116
0.996
1.045
0.957
1.031
1.002
0.953
1.089
1.070
1.005
1.007
0.950
0.930
0.873
0.994
1.031
0.122
-0.139
0.016
-0.102
-0.101
0.074
-0.027
0.059
-0.114
-0.073
-0.014
0.001
0.110
0.118
-0.040
-0.040
0.057
0.008
0.036
0.003
0.098
0.021
-0.115
-0.025
0.050
0.062
-0.017
-0.020
0.049
-0.128
0.057
-0.020
0.173
0.089
0.042
0.056
-0.052
-0.061
0.114
-0.037
0.075
0.093
-0.002
-0.019
0.018
-0.018
-0.021
0.006
0.100
0.085
0.028
-0.198
0.022
0.019
0.019
-0.084
-0.127
1.002
1.058
0.944
1.016
0.970
1.011
1.087
0.946
1.039
0.997
0.998
0.914
0.949
0.991
1.038
1.012
0.990
0.924
0.986
0.023
-0.046
0.014
0.002
-0.012
0.119
-0.064
-0.001
0.019
0.003
-0.033
0.017
-0.032
-0.017
0.028
0.050
0.073
0.056
-0.153
1.065
0.980
0.948
0.974
0.910
0.952
1.036
0.997
1.063
0.972
0.972
0.965
1.005
1.140
1.118
1.047
1.009
0.839
1.116
1.063
1.085
1.008
1.096
1.029
0.950
0.963
1.209
1.017
1.011
1.098
1.058
1.007
1.005
0.915
0.940
0.949
1.018
1.051
0.974
0.903
1.079
1.105
1.053
1.043
0.986
0.910
0.954
1.105
0.993
0.981
0.980
1.114
1.081
0.947
0.906
0.969
1.063
0.058
0.049
0.119
-0.008
-0.015
0.038
0.011
-0.065
-0.102
-0.078
-0.057
0.047
-0.028
0.038
0.030
-0.079
-0.076
-0.013
0.033
0.043
0.090
0.011
-0.111
0.041
0.086
0.067
-0.103
-0.016
0.041
0.043
-0.154
-0.047
-0.129
-0.041
-0.047
-0.180
0.108
-0.052
-0.036
0.034
-0.053
-0.110
-0.050
-0.043
0.008
0.029
-0.010
-0.002
0.027
-0.072
0.078
-0.009
0.025
-0.054
-0.124
0.018
0.048
1.043
0.857
1.063
0.962
0.959
0.964
0.839
0.941
1.031
0.879
0.902
0.983
1.103
1.011
0.929
1.057
1.107
0.941
0.995
0.948
0.874
1.090
1.029
1.050
0.991
0.989
0.972
1.068
1.086
0.991
0.993
1.035
0.960
0.928
0.961
0.993
1.061
1.037
1.006
1.054
1.044
0.901
1.152
0.962
1.030
1.027
1.086
0.961
0.917
1.108
1.063
0.869
1.096
1.027
1.091
1.001
0.983
0.159
-0.017
-0.088
-0.062
0.042
-0.108
0.182
0.057
-0.005
-0.004
0.048
0.006
-0.033
-0.010
-0.025
-0.121
-0.059
0.037
0.032
0.971
1.068
0.915
1.057
0.992
0.874
0.972
1.012
1.026
0.930
1.032
0.956
0.989
1.059
1.018
0.993
1.036
0.992
1.067
0.004
0.016
-0.092
0.125
0.097
0.107
0.030
-0.038
-0.048
0.008
0.004
0.098
-0.014
0.007
-0.067
0.098
-0.054
-0.002
-0.023
-0.140
0.045
-0.065
-0.019
-0.157
0.027
-0.070
-0.012
0.002
0.017
-0.052
-0.019
-0.016
-0.010
-0.081
0.047
-0.059
0.139
0.021
0.003
0.041
-0.024
0.077
-0.110
-0.039
0.009
-0.049
0.010
-0.013
-0.046
0.059
-0.018
-0.022
-0.063
-0.112
0.092
0.058
-0.070
0.952
0.898
1.036
1.030
1.027
0.976
1.114
0.978
1.019
1.002
0.968
1.066
1.014
0.921
1.086
0.980
0.943
0.999
1.034
0.855
1.060
1.060
0.909
0.961
1.086
1.027
0.991
0.921
0.984
1.049
0.999
1.074
1.095
0.921
1.022
1.154
1.112
0.946
0.956
0.993
1.026
0.938
1.028
0.983
1.071
1.020
1.125
0.950
1.100
1.021
1.044
1.045
0.989
0.945
1.056
1.056
0.958
-0.091
0.129
0.100
0.050
0.084
-0.024
0.025
0.021
0.052
0.011
-0.044
0.139
-0.002
0.050
0.020
-0.124
0.026
0.113
0.003
-0.052
-0.112
0.015
-0.017
-0.021
0.052
-0.079
0.020
0.013
-0.188
0.034
-0.054
0.022
0.101
-0.175
0.008
0.056
-0.132
0.067
-0.094
0.016
0.071
0.076
-0.121
0.005
0.020
0.033
-0.008
-0.078
-0.021
-0.018
-0.004
0.011
-0.076
0.109
-0.018
0.027
0.111
0.062
-0.025
-0.037
-0.056
0.031
0.030
-0.055
0.047
-0.129
0.024
0.073
0.077
-0.049
0.023
-0.036
-0.052
0.009
-0.024
-0.051
0.038
-0.079
-0.069
-0.114
0.046
-0.032
-0.037
0.148
0.040
-0.092
0.047
0.041
-0.050
0.038
0.033
0.124
-0.068
-0.078
0.107
-0.041
0.066
0.157
0.071
0.120
-0.019
-0.031
-0.087
-0.099
-0.020
-0.090
-0.034
-0.032
-0.065
-0.013
0.069
-0.050
-0.025
-0.077
0.029
-0.017
-0.025
0.049
0.028
0.075
0.067
0.023
-0.035
-0.039
0.028
-0.130
0.087
0.066
-0.082
-0.058
0.001
0.012
-0.020
1.055
1.020
1.007
1.051
1.029
0.842
0.910
1.101
1.013
1.036
1.070
1.050
1.024
1.083
0.940
1.142
1.069
0.989
1.063
0.176
0.025
0.015
-0.013
0.020
-0.015
0.009
-0.005
0.011
-0.001
-0.078
-0.058
0.094
-0.001
0.034
0.047
0.002
0.025
0.064
1.041
0.932
1.082
0.960
0.969
0.910
1.039
0.902
0.942
1.118
1.037
1.058
1.016
1.055
0.975
0.943
0.940
0.875
1.062
1.082
0.997
0.932
0.904
0.940
1.114
0.959
1.010
1.046
0.936
1.043
1.060
0.961
0.959
1.093
1.022
0.939
0.892
0.983
0.962
1.096
0.944
0.977
0.935
0.933
0.881
0.947
1.070
1.072
0.996
1.038
0.881
0.960
0.941
1.018
1.031
0.975
1.003
-0.028
0.058
-0.085
-0.025
0.028
-0.040
0.029
-0.042
0.048
-0.052
0.072
0.048
0.031
0.115
-0.041
-0.033
-0.110
-0.120
-0.086
0.989
0.977
1.069
1.059
1.069
0.993
1.120
1.209
0.941
1.134
0.961
0.981
1.039
1.041
0.906
1.065
0.982
0.908
0.969
0.110
-0.012
0.043
-0.051
0.099
-0.086
0.045
0.032
0.056
-0.015
-0.108
-0.044
0.137
0.105
-0.110
-0.052
-0.090
-0.032
0.030
0.060
-0.062
-0.106
0.048
-0.014
-0.088
-0.072
0.027
-0.008
-0.029
-0.012
0.010
-0.114
0.157
0.020
-0.038
-0.042
0.035
-0.055
0.089
-0.132
-0.053
-0.144
0.112
-0.055
0.045
0.108
0.073
0.036
0.006
0.021
0.067
-0.001
0.007
-0.017
-0.047
-0.076
0.024
0.876
1.017
0.997
1.104
1.106
1.147
1.106
0.996
0.994
0.979
0.981
0.909
1.049
0.958
1.070
0.935
1.093
0.924
0.985
-0.041
0.003
-0.004
-0.024
0.024
0.077
0.000
-0.058
-0.084
0.035
0.082
0.048
0.099
0.035
0.109
-0.061
0.051
-0.005
0.087
0.041
-0.063
-0.060
-0.011
-0.014
-0.112
-0.119
-0.049
0.096
0.031
-0.167
0.001
0.033
0.011
0.069
0.109
0.087
-0.025
-0.032
-0.002
-0.038
0.007
-0.088
0.034
-0.001
-0.061
-0.094
-0.113
-0.030
-0.112
0.034
0.046
-0.051
0.004
0.015
-0.100
-0.091
-0.125
1.001
1.101
1.002
1.042
0.972
0.808
0.965
0.948
1.015
0.902
1.025
0.983
1.061
1.075
0.953
0.973
0.994
1.074
0.905
0.091
0.101
0.017
0.035
-0.023
-0.022
-0.075
0.064
-0.121
0.083
0.009
-0.004
0.012
-0.030
0.123
0.101
0.103
0.011
-0.060
1.007
0.947
0.942
1.029
1.018
0.944
0.939
1.031
1.004
0.940
0.949
0.882
0.966
0.831
0.983
0.914
1.087
1.035
1.009
-0.021
0.067
0.031
0.074
0.003
0.077
0.059
0.013
0.159
-0.104
-0.008
-0.073
0.082
0.019
-0.055
-0.032
0.037
-0.023
-0.013
0.958
0.999
1.053
1.035
1.118
1.048
1.082
1.015
0.985
1.039
0.924
1.035
0.950
0.969
1.014
0.938
1.006
1.036
0.946
0.992
1.038
0.982
0.922
1.084
0.996
0.932
1.014
0.965
1.020
1.022
1.032
0.932
1.024
1.060
1.087
1.090
0.957
0.962
1.113
1.122
0.950
0.955
0.986
0.917
0.963
1.095
1.051
0.978
0.991
0.918
1.068
0.957
1.026
1.017
1.030
0.944
1.053
-0.020
0.015
0.023
-0.114
0.113
0.010
0.018
0.003
-0.014
-0.067
0.015
0.017
0.024
-0.002
0.003
0.067
-0.003
-0.018
-0.095
1.055
1.022
0.936
1.066
0.934
1.014
0.908
0.823
1.046
0.989
1.111
0.979
0.871
0.882
1.085
1.022
0.983
0.993
0.938
0.170
0.074
0.060
-0.010
-0.066
-0.002
0.054
-0.017
0.062
0.083
-0.079
-0.038
-0.026
0.015
-0.111
-0.039
-0.087
0.077
-0.004
-0.018
-0.060
0.039
0.058
0.054
-0.108
-0.011
0.004
0.035
0.104
-0.002
0.028
0.115
-0.032
0.049
0.064
0.072
-0.016
0.062
0.100
-0.039
0.007
-0.062
-0.001
-0.071
-0.016
0.050
0.030
0.010
0.024
0.051
0.137
0.061
0.029
0.010
0.005
0.122
0.100
0.944
0.896
1.111
1.013
1.158
0.921
1.030
0.967
1.048
0.972
0.819
0.968
0.867
1.020
0.963
1.007
0.946
0.926
1.039
-0.045
-0.036
-0.021
0.018
0.021
-0.062
-0.017
0.081
0.032
0.104
0.041
0.008
-0.015
0.102
-0.023
-0.030
-0.010
0.045
-0.010
0.924
1.051
1.077
1.039
1.015
0.999
1.044
1.111
0.974
0.858
0.983
0.964
1.071
0.937
0.931
0.971
1.040
0.979
0.995
-0.018
0.082
0.026
0.003
-0.080
0.008
0.075
0.029
0.015
-0.049
0.042
0.084
0.018
-0.057
0.088
0.001
0.109
0.022
-0.039
0.842
0.959
0.995
1.032
0.900
0.905
0.987
0.985
0.980
0.992
1.007
1.008
0.930
0.907
1.122
1.006
1.047
1.032
1.014
1.038
1.037
1.096
0.936
0.999
1.173
0.920
0.949
1.020
1.055
1.055
0.899
0.965
1.034
0.962
1.049
1.001
0.945
0.950
0.930
0.994
1.022
1.041
0.996
1.047
0.935
1.064
1.045
1.049
1.028
1.063
1.062
1.000
1.055
1.048
1.001
0.929
0.991
0.096
-0.052
0.039
0.077
0.069
-0.025
0.059
-0.077
-0.049
-0.048
-0.033
-0.032
0.070
-0.027
0.018
0.069
-0.011
0.027
-0.014
-0.066
0.084
-0.041
0.085
-0.068
0.091
-0.018
0.024
0.047
0.080
-0.128
-0.069
0.067
0.001
0.038
-0.052
-0.066
0.020
0.001
0.082
0.142
0.036
0.000
-0.012
-0.059
-0.082
-0.067
0.088
0.024
0.041
-0.049
-0.046
0.056
-0.010
0.006
0.005
0.125
-0.012
0.957
0.960
0.954
1.055
1.046
1.028
1.016
1.053
0.974
1.015
1.087
0.915
0.992
1.015
1.009
1.023
0.961
1.032
0.857
0.038
-0.102
-0.002
-0.026
-0.077
-0.041
0.011
-0.004
0.000
-0.025
0.093
0.059
0.048
-0.004
0.000
-0.133
-0.020
-0.043
-0.103
0.964
0.916
0.824
0.874
0.905
0.983
0.923
0.880
0.863
0.908
1.163
0.990
0.931
1.044
1.033
1.028
1.115
1.019
0.953
-0.085
0.010
-0.065
-0.011
0.003
-0.008
0.071
0.064
-0.096
0.076
0.118
-0.090
-0.043
-0.046
-0.054
0.017
0.117
0.122
0.058
1.044
0.952
0.938
0.893
0.933
1.026
0.957
0.913
1.058
0.925
1.000
0.953
1.040
1.054
0.973
1.062
1.018
1.035
0.990
0.039
-0.001
-0.110
0.033
0.034
0.064
0.023
-0.046
0.060
-0.034
0.064
0.119
-0.060
-0.082
0.038
-0.059
-0.003
0.015
-0.030
0.129
-0.097
0.011
-0.007
0.032
0.039
0.102
-0.100
-0.050
0.006
-0.046
-0.093
0.054
0.057
0.085
0.012
-0.080
0.097
0.126
0.015
0.029
0.068
0.098
0.034
-0.020
-0.075
0.079
-0.024
0.119
0.032
0.039
0.123
0.069
-0.126
0.011
-0.077
-0.107
-0.019
0.917
1.049
0.962
0.954
1.016
1.040
0.970
1.095
1.093
1.029
0.990
0.929
0.879
1.122
1.022
1.029
1.012
1.063
0.958
