0.904
0.945
1.073
1.018
1.063
0.994
0.999
1.160
0.909
1.028
0.986
0.987
0.815
1.080
0.782
0.055
-0.140
0.077
-0.067
0.033
-0.004
-0.064
0.062
0.053
-0.047
-0.003
-0.077
-0.093
-0.076
-0.023
1.021
0.866
1.006
0.809
1.081
1.003
1.080
0.965
1.012
1.031
0.971
0.877
1.047
1.046
0.903
0.056
0.096
-0.006
-0.006
0.024
0.132
-0.148
-0.190
-0.159
0.002
0.042
0.015
-0.035
-0.039
0.062
0.155
-0.159
-0.020
-0.044
0.183
0.073
0.122
0.024
0.110
0.064
0.055
-0.047
0.068
-0.039
0.077
0.093
0.137
-0.074
-0.045
-0.059
-0.002
-0.035
-0.040
0.198
-0.014
-0.043
-0.088
-0.056
0.075
-0.041
1.077
0.958
0.994
0.879
0.995
1.000
0.951
0.930
1.073
0.979
1.230
1.090
0.850
0.972
1.058
-0.189
-0.195
-0.085
0.039
0.031
-0.019
0.040
-0.011
0.079
-0.040
0.042
-0.010
0.010
0.101
0.262
1.104
1.049
1.121
1.079
0.975
0.982
1.065
1.105
1.112
1.017
0.970
0.910
0.953
1.264
0.978
1.040
1.052
0.914
0.928
1.078
0.903
1.029
0.873
0.996
0.986
1.002
0.894
1.006
1.005
0.944
0.947
1.123
1.000
0.885
1.061
1.069
1.099
0.856
0.937
1.034
1.055
0.913
0.967
0.987
0.962
-0.051
-0.031
-0.056
0.178
0.083
0.023
0.044
-0.056
-0.020
0.075
0.091
-0.091
0.093
0.001
-0.058
1.012
0.879
0.890
1.061
1.046
0.945
0.938
1.080
1.094
1.031
0.822
0.979
1.107
1.062
0.976
0.096
0.044
-0.150
0.016
0.146
0.005
-0.158
0.072
0.075
0.103
-0.153
-0.013
-0.133
-0.092
0.064
1.044
1.119
0.956
0.854
0.993
1.069
0.908
1.029
1.046
0.906
1.044
0.977
0.953
1.028
0.839
-0.002
-0.113
0.001
0.014
-0.044
-0.058
-0.064
0.024
0.068
-0.040
0.040
-0.057
-0.075
0.086
0.077
0.084
-0.033
0.135
-0.124
0.000
-0.031
-0.076
0.102
0.014
-0.181
0.058
0.010
-0.029
0.042
0.045
-0.063
-0.202
-0.006
-0.073
-0.102
-0.232
0.037
-0.128
0.102
0.076
0.015
0.007
0.064
0.006
-0.115
1.134
0.975
0.896
0.965
1.059
0.978
1.162
0.931
0.841
1.015
0.998
1.093
0.988
0.993
1.052
-0.064
-0.150
0.045
0.145
-0.117
-0.015
-0.022
-0.061
0.190
0.110
-0.006
-0.050
-0.040
-0.112
0.051
1.029
0.941
0.881
1.125
0.916
1.104
0.871
1.115
1.125
1.044
1.182
1.173
0.919
1.014
0.949
0.799
1.113
1.023
1.085
0.953
1.075
0.882
0.970
1.122
0.951
0.851
1.014
0.943
1.025
1.073
1.080
0.884
1.019
0.932
1.084
1.034
1.060
0.904
0.982
0.967
1.126
1.123
1.001
1.052
1.109
-0.047
0.034
-0.006
-0.029
-0.103
0.014
-0.014
-0.089
-0.080
-0.019
0.056
0.082
0.005
0.233
0.066
0.991
0.971
1.057
0.992
0.955
0.877
0.973
1.089
1.004
1.094
0.887
0.947
0.994
0.842
1.109
-0.118
-0.012
0.005
-0.166
-0.246
-0.062
-0.158
0.014
0.199
-0.004
-0.120
0.070
-0.011
0.055
-0.066
0.915
0.967
1.083
0.990
0.986
0.904
1.054
1.107
0.984
1.024
0.888
1.127
1.055
1.020
0.909
0.068
-0.131
0.020
0.203
-0.082
0.150
-0.202
-0.170
-0.224
-0.129
0.127
-0.027
-0.113
0.057
0.130
-0.049
0.056
0.018
-0.120
-0.081
0.003
0.097
-0.078
-0.173
0.083
-0.102
-0.054
0.003
0.049
0.021
-0.007
0.002
0.028
0.054
-0.155
-0.115
0.062
-0.086
0.030
-0.031
-0.078
-0.066
-0.067
0.026
-0.052
0.094
0.013
0.001
0.120
0.098
-0.059
0.085
0.174
0.014
-0.034
0.066
-0.055
0.009
-0.083
-0.040
-0.012
0.018
0.102
-0.010
-0.033
-0.118
-0.095
-0.019
0.071
0.040
-0.035
0.131
0.037
-0.082
0.035
0.070
0.121
0.058
0.065
0.092
-0.017
0.016
-0.099
-0.064
-0.088
0.015
0.035
0.124
0.020
-0.035
-0.067
-0.029
-0.099
-0.024
0.064
0.030
0.003
0.006
0.041
-0.042
-0.099
-0.029
0.005
0.020
0.031
0.891
1.145
1.074
1.131
1.073
0.982
0.894
1.039
0.934
1.029
0.925
0.948
1.015
1.107
0.984
0.915
0.921
1.021
0.956
1.040
1.051
1.079
0.959
0.915
0.904
1.175
0.904
1.065
0.870
1.056
1.092
1.054
1.026
0.834
0.874
0.981
0.966
1.051
0.903
1.048
0.914
1.147
1.003
0.914
1.040
0.092
-0.066
0.159
-0.021
0.007
-0.127
0.081
0.084
0.233
-0.051
0.011
0.073
-0.119
0.073
0.102
1.057
0.994
0.983
0.924
0.995
1.069
1.155
0.877
1.068
1.002
1.030
0.978
1.069
0.974
1.037
-0.087
0.070
-0.020
-0.043
-0.050
-0.056
0.111
0.138
0.089
-0.015
0.095
0.112
0.069
-0.100
0.095
0.919
1.000
1.090
0.959
1.081
0.853
1.019
1.020
1.031
1.011
1.010
1.036
0.993
1.000
1.093
-0.097
-0.068
0.045
-0.071
0.015
0.029
0.006
-0.050
0.010
-0.016
-0.279
0.061
-0.134
-0.043
0.021
0.968
1.001
0.869
1.056
1.042
1.138
1.041
0.993
1.173
0.968
0.976
0.923
0.970
1.079
1.006
0.141
0.109
0.045
-0.033
0.024
0.086
-0.103
-0.044
-0.126
0.036
-0.021
0.032
-0.006
-0.039
-0.018
0.028
-0.066
-0.027
0.004
0.002
-0.051
-0.077
0.115
-0.086
-0.008
-0.002
-0.097
-0.062
0.095
0.009
-0.024
-0.078
-0.048
-0.000
-0.104
0.150
0.032
-0.172
0.036
0.136
0.021
0.050
-0.099
-0.026
0.045
1.068
0.933
1.048
0.904
1.007
0.874
1.089
0.979
1.095
1.144
1.019
0.952
1.032
0.948
1.004
0.012
-0.039
0.220
0.044
0.051
-0.010
-0.186
-0.064
0.051
0.019
0.132
-0.078
-0.190
0.093
-0.155
-0.025
-0.097
0.012
0.021
0.116
0.121
-0.184
0.054
0.029
0.021
-0.072
0.250
-0.039
-0.002
0.068
-0.075
-0.074
0.244
-0.076
-0.144
0.028
0.021
0.131
-0.028
0.104
-0.170
-0.156
0.131
-0.158
0.084
-0.055
0.049
0.185
-0.024
-0.030
0.025
0.031
-0.142
0.061
-0.063
0.017
0.159
0.025
-0.014
-0.037
-0.105
-0.044
0.111
0.055
0.006
-0.004
-0.055
0.148
0.030
-0.011
-0.048
-0.026
0.076
-0.021
-0.052
-0.057
-0.035
-0.063
-0.007
-0.082
0.044
-0.116
0.078
-0.126
-0.056
-0.006
-0.018
-0.143
0.066
0.188
0.092
0.045
0.094
-0.181
-0.021
-0.046
0.104
0.001
0.001
-0.008
-0.074
-0.055
-0.087
0.114
-0.057
1.009
1.116
1.050
0.883
0.986
1.016
0.988
0.905
0.879
1.136
1.041
0.981
0.870
0.956
0.926
1.067
1.029
1.121
1.086
1.123
0.789
0.960
1.068
1.084
1.082
0.858
1.026
0.940
0.913
0.923
1.065
0.867
1.097
1.004
0.901
1.058
0.895
0.870
0.998
1.145
1.001
0.899
1.169
1.028
0.951
-0.097
-0.088
0.077
0.004
0.023
-0.053
0.084
0.017
-0.045
0.013
0.019
0.061
-0.063
-0.071
-0.095
0.976
0.953
1.023
0.959
1.009
0.836
0.998
1.032
1.033
1.058
0.892
0.767
1.007
0.932
0.948
0.046
-0.102
-0.093
0.066
0.121
-0.148
0.227
0.098
0.025
-0.145
0.062
-0.093
0.047
0.015
-0.147
1.029
0.974
1.012
1.012
0.992
0.993
0.948
1.006
1.018
1.058
0.981
0.967
0.971
0.872
0.993
0.082
0.030
-0.084
0.022
0.003
0.040
-0.122
-0.044
0.059
0.103
0.090
0.092
-0.123
0.141
0.057
1.010
0.892
1.045
1.051
1.028
0.853
1.230
0.995
0.917
0.857
1.026
1.063
1.226
0.952
1.077
-0.076
-0.217
0.030
0.032
-0.007
-0.109
-0.064
0.087
0.019
0.065
0.079
-0.040
0.008
0.043
0.007
0.077
-0.134
-0.075
0.027
0.201
-0.076
0.118
0.071
0.090
-0.065
0.143
0.021
0.101
-0.097
0.039
0.012
-0.019
-0.047
-0.077
0.046
-0.086
-0.125
0.017
0.057
-0.106
-0.031
0.117
0.003
-0.144
-0.055
1.109
1.035
0.973
1.205
1.120
0.938
1.085
0.993
0.994
0.910
1.052
0.993
0.945
1.057
1.144
-0.110
-0.023
-0.092
-0.001
-0.219
0.059
-0.010
0.085
0.040
-0.012
0.105
-0.106
0.126
0.050
0.081
0.886
0.944
0.807
1.028
1.004
1.032
1.177
1.003
1.091
1.179
0.966
1.059
1.061
0.896
1.048
0.937
1.055
1.070
1.144
0.940
1.003
1.050
1.057
1.011
0.984
0.892
1.067
0.957
1.091
1.030
1.268
0.934
0.991
0.916
0.977
1.031
0.993
0.946
1.133
0.927
1.177
0.999
1.017
1.031
0.835
-0.022
0.156
-0.149
-0.034
-0.069
-0.042
0.104
0.007
0.072
-0.063
-0.035
-0.067
-0.008
-0.069
0.131
-0.155
-0.078
0.124
-0.060
0.017
-0.055
0.037
0.029
0.062
0.005
0.063
-0.057
0.068
0.017
0.090
0.029
-0.070
0.008
-0.137
0.155
0.007
0.006
0.144
-0.026
-0.021
-0.055
-0.204
0.072
-0.069
-0.003
1.061
0.872
0.923
0.966
0.954
0.956
0.958
1.128
1.041
0.831
1.028
0.988
1.017
0.989
1.078
1.122
1.166
1.106
1.075
1.037
0.931
1.020
1.014
1.112
0.894
0.920
1.119
1.092
0.880
0.943
1.176
0.807
1.048
1.019
1.096
0.837
0.931
0.973
0.935
0.878
1.184
0.987
0.985
0.870
0.959
-0.017
-0.068
-0.038
-0.070
0.009
-0.011
-0.107
0.276
0.049
0.020
0.012
-0.124
-0.006
-0.037
0.045
0.921
1.219
1.087
0.814
1.050
0.953
1.099
0.852
0.994
1.038
0.858
1.139
0.992
1.059
1.043
0.013
0.104
-0.013
0.008
-0.087
0.108
-0.095
0.048
-0.024
-0.044
0.067
0.121
-0.156
-0.000
0.104
1.092
1.062
0.969
1.059
0.970
1.167
1.078
0.939
0.900
1.137
0.956
1.158
1.000
1.073
0.935
1.041
1.047
1.042
0.994
1.057
1.064
0.980
0.984
0.993
0.925
0.969
0.987
0.955
1.044
0.834
0.899
1.004
1.004
1.096
0.889
1.015
0.882
0.912
1.087
1.040
1.089
1.149
1.072
1.050
1.007
-0.097
0.108
0.064
-0.005
0.003
0.108
-0.122
0.081
-0.013
-0.141
0.028
0.049
0.109
-0.075
-0.071
1.021
0.895
1.080
1.128
1.065
1.001
1.018
0.985
1.157
0.956
0.906
1.118
0.885
0.705
1.159
0.030
0.011
-0.135
0.099
-0.057
0.066
0.032
0.108
-0.039
-0.038
0.007
-0.169
-0.031
-0.064
-0.093
0.015
0.132
0.048
-0.099
0.053
-0.019
0.074
0.088
0.018
0.076
0.074
0.064
-0.011
-0.142
0.142
0.091
0.073
-0.016
0.046
0.178
-0.034
-0.129
0.069
-0.003
-0.072
-0.021
0.095
-0.139
-0.018
0.091
0.944
0.975
0.987
1.135
0.993
0.967
1.139
1.086
1.098
0.899
1.059
0.755
1.123
0.984
0.941
1.021
0.989
0.976
1.107
1.024
1.010
1.018
0.871
0.977
0.997
0.944
0.969
0.959
0.928
0.913
0.991
0.960
0.873
1.104
0.987
0.991
1.012
1.121
0.853
0.998
0.977
1.093
0.974
1.096
1.113
-0.074
0.035
-0.128
0.020
-0.061
0.025
0.102
0.220
-0.032
0.103
0.006
0.035
0.006
0.060
0.044
0.778
0.796
0.987
0.917
1.050
0.998
1.085
0.823
1.189
1.106
1.040
1.202
0.964
0.977
1.120
-0.032
0.010
-0.062
0.273
0.052
-0.239
0.077
0.059
-0.027
-0.001
0.075
-0.101
-0.218
-0.089
-0.009
1.021
1.128
0.990
1.190
1.012
1.118
1.065
0.984
1.054
1.002
0.866
0.962
0.892
1.051
0.893
1.165
0.918
0.862
0.835
1.038
1.095
1.066
1.119
0.976
0.907
0.994
0.974
0.912
1.029
1.066
1.165
0.889
1.095
0.995
0.936
0.988
0.938
1.117
1.038
0.970
1.094
0.968
1.053
0.956
0.933
