0.881
1.130
0.732
1.107
0.766
0.777
1.290
0.831
1.166
1.312
1.179
1.191
1.057
1.305
1.370
1.180
0.809
0.982
1.220
0.954
1.153
0.728
1.076
0.728
1.052
0.883
0.598
0.788
1.103
1.132
1.160
1.116
1.038
-0.040
-0.062
0.043
-0.024
-0.226
0.006
-0.052
-0.219
0.303
-0.242
-0.245
-0.032
-0.579
-0.006
-0.258
-0.141
-0.055
-0.024
-0.224
-0.102
-0.038
-0.011
0.128
-0.106
0.202
-0.089
0.204
0.187
-0.287
-0.200
-0.445
-0.054
-0.170
1.101
0.707
1.111
0.956
0.914
0.920
0.608
1.096
0.909
0.981
1.121
0.007
0.301
-0.232
0.129
-0.170
-0.081
0.003
0.042
-0.236
0.300
0.055
0.909
0.544
1.179
1.061
1.182
1.131
0.534
1.110
0.874
0.845
0.976
0.017
-0.015
0.043
0.243
0.250
0.137
0.253
0.107
0.332
0.122
0.134
0.850
0.869
0.717
0.898
1.000
0.961
1.118
0.988
1.213
0.739
0.942
-0.086
-0.042
0.180
0.072
-0.315
0.116
0.042
-0.124
0.024
-0.052
-0.279
0.957
1.137
1.130
1.091
0.654
0.722
0.688
0.622
0.810
1.138
0.900
-0.217
-0.254
-0.059
-0.120
-0.021
0.160
-0.158
0.000
-0.250
0.181
-0.226
-0.123
0.057
0.037
-0.149
0.015
-0.091
-0.140
0.160
-0.228
-0.290
-0.434
-0.338
0.033
-0.021
0.117
-0.123
-0.199
-0.316
0.303
0.172
0.049
0.182
1.047
1.017
0.953
1.000
0.665
1.109
0.921
1.199
0.683
1.241
1.040
-0.036
0.019
-0.133
0.050
-0.122
0.081
-0.065
-0.133
0.256
-0.225
0.203
-0.014
0.002
-0.178
0.021
0.344
-0.175
-0.204
-0.030
0.088
-0.303
-0.203
0.157
0.325
0.054
0.157
-0.052
-0.074
-0.107
0.092
0.170
-0.197
-0.031
1.133
1.454
1.051
1.021
0.871
0.962
0.741
0.807
1.227
0.687
0.834
-0.083
-0.068
0.066
-0.094
0.006
-0.180
0.186
0.185
0.319
0.123
0.035
1.086
1.076
0.934
0.898
0.794
1.021
0.897
0.838
0.977
0.867
1.035
1.202
1.149
0.768
1.030
0.877
1.171
1.230
0.795
1.130
0.867
1.014
1.030
1.181
0.781
0.956
0.864
0.878
1.032
1.119
1.330
1.083
0.914
0.112
0.063
0.050
-0.186
0.222
0.017
0.072
-0.188
0.305
0.049
-0.018
1.198
0.621
0.704
1.038
1.284
0.897
0.880
1.044
0.988
1.156
0.737
0.093
-0.234
-0.131
0.101
-0.030
0.214
0.481
0.147
-0.313
0.119
0.201
0.090
0.291
-0.071
0.137
-0.050
-0.155
0.207
-0.059
-0.274
0.148
-0.194
-0.018
-0.056
0.259
-0.163
0.262
-0.114
-0.424
0.342
0.147
0.284
-0.088
1.117
0.557
1.010
1.122
0.878
1.158
0.712
1.097
1.050
1.002
0.980
0.126
-0.152
0.082
-0.006
-0.041
0.093
0.083
-0.237
0.222
-0.111
-0.067
0.123
-0.217
-0.116
0.202
0.126
-0.367
-0.147
-0.100
0.179
0.050
-0.235
0.289
-0.258
0.160
0.020
0.364
0.114
0.014
0.034
0.242
-0.152
-0.288
-0.137
-0.298
-0.045
0.206
-0.080
-0.032
-0.177
0.190
0.285
-0.231
0.138
-0.102
0.144
0.064
-0.012
-0.076
-0.106
0.072
-0.137
-0.007
0.050
0.471
0.010
-0.145
-0.080
0.048
0.259
0.023
-0.310
-0.143
0.363
-0.147
-0.367
0.261
-0.617
-0.028
-0.124
0.008
-0.091
0.023
-0.348
-0.122
0.178
-0.168
0.803
0.782
1.063
0.940
0.756
1.051
0.939
0.796
0.803
0.826
0.900
0.172
-0.260
0.165
0.212
0.483
-0.228
0.214
-0.027
0.346
-0.048
-0.071
1.052
0.924
0.809
0.924
1.147
0.620
0.783
1.392
0.887
0.873
0.985
-0.007
0.355
0.040
0.087
0.037
-0.243
0.421
0.219
-0.031
-0.098
-0.186
-0.006
-0.198
-0.303
0.085
0.068
-0.177
0.178
-0.092
-0.047
0.002
-0.148
-0.045
0.117
-0.140
-0.067
0.576
0.090
-0.052
0.037
-0.115
-0.209
0.145
0.909
1.182
0.923
0.840
1.047
0.898
0.842
0.801
0.818
0.977
1.122
-0.034
-0.149
0.161
0.230
0.173
0.201
0.227
0.062
0.073
-0.173
0.053
1.058
0.581
1.014
1.194
1.145
1.103
1.040
0.657
1.117
0.776
1.197
0.158
0.054
-0.342
0.341
-0.002
0.210
0.030
-0.290
-0.207
-0.063
-0.103
1.208
1.292
1.302
0.992
1.034
1.427
0.990
0.484
1.046
1.119
1.302
0.053
-0.035
-0.247
0.215
-0.110
-0.282
-0.210
0.681
0.117
-0.086
-0.106
0.192
-0.157
0.077
0.588
0.102
0.019
0.066
0.109
0.134
0.123
-0.273
-0.095
-0.228
0.166
-0.580
0.132
0.016
0.143
-0.067
-0.066
-0.306
0.042
0.086
-0.175
0.304
-0.232
-0.009
0.073
-0.150
0.384
0.217
-0.033
0.072
0.041
0.108
-0.071
-0.070
-0.189
0.259
-0.317
-0.105
0.018
-0.147
-0.137
0.128
0.071
-0.021
-0.105
0.040
0.271
0.039
-0.249
-0.157
-0.054
0.176
0.258
0.141
-0.184
0.099
0.071
0.367
-0.150
-0.160
-0.215
-0.171
0.162
0.865
1.351
0.817
1.349
0.881
1.046
0.890
1.225
1.099
1.134
1.020
1.239
0.869
0.736
0.940
0.786
1.013
0.948
0.755
1.154
0.943
1.059
1.247
0.963
0.827
1.156
1.085
0.728
0.869
1.259
0.961
1.105
1.099
0.132
0.272
0.170
-0.027
-0.222
0.247
0.012
0.065
-0.057
0.101
0.067
1.014
0.891
0.993
1.074
1.169
1.341
1.025
1.463
1.147
1.191
1.069
0.010
-0.114
0.113
-0.174
-0.095
0.429
0.122
-0.005
0.393
-0.018
-0.167
0.083
-0.114
0.006
-0.081
-0.140
-0.174
0.014
0.066
0.050
-0.085
0.675
-0.112
-0.321
-0.179
-0.165
0.168
-0.006
0.061
-0.159
0.176
0.243
-0.260
1.167
1.073
0.918
0.592
0.857
1.097
0.756
0.774
0.902
0.745
0.758
0.951
0.531
1.133
1.034
1.120
1.144
0.593
0.925
1.005
0.770
0.993
1.223
0.678
1.163
0.748
0.832
0.985
0.897
1.066
1.336
1.095
0.905
0.077
0.006
-0.178
-0.274
-0.299
-0.303
-0.296
0.501
0.323
0.184
-0.075
1.210
1.304
1.136
1.092
1.179
1.079
0.874
1.063
0.701
1.214
1.149
1.012
1.244
0.853
1.082
0.773
1.197
1.121
1.086
0.992
1.040
1.017
1.033
1.045
0.969
0.986
1.174
1.060
0.820
0.874
1.244
0.766
1.215
0.094
-0.030
-0.008
-0.229
-0.344
0.031
-0.334
-0.115
-0.261
0.097
-0.381
0.810
1.184
0.789
0.781
0.762
1.420
0.679
1.077
0.875
1.166
1.076
1.003
1.214
1.259
0.897
0.774
0.655
0.802
1.027
1.153
0.785
0.927
1.255
1.144
0.875
0.957
0.731
1.092
1.055
0.927
1.089
1.140
0.933
0.151
0.250
-0.038
-0.201
0.039
0.242
0.148
-0.228
-0.351
0.024
-0.164
0.189
0.012
-0.235
-0.132
0.143
0.105
0.199
0.177
0.176
0.106
0.126
0.273
-0.267
-0.390
0.176
0.065
0.208
0.020
0.048
-0.397
-0.086
0.214
0.348
0.096
-0.002
0.099
0.095
0.009
-0.056
-0.005
0.316
-0.042
-0.297
0.149
0.294
0.002
0.258
-0.129
-0.006
-0.008
0.099
0.094
0.248
-0.070
0.070
-0.103
-0.165
0.221
0.021
-0.127
-0.182
0.542
0.099
0.029
0.066
-0.435
-0.104
0.247
0.276
0.434
-0.106
-0.083
-0.075
-0.139
-0.131
-0.241
0.730
0.910
0.906
0.970
1.288
0.658
0.989
0.739
1.042
0.922
1.112
0.164
0.068
0.205
-0.485
0.033
-0.149
0.036
0.442
0.109
0.040
-0.316
0.801
1.330
1.234
0.909
1.145
0.951
1.236
0.991
1.309
0.768
1.117
0.043
-0.115
0.255
-0.167
-0.138
0.001
-0.006
-0.057
-0.102
0.082
0.042
0.762
1.090
1.171
1.118
0.969
1.116
0.789
1.038
0.920
0.926
0.792
-0.244
-0.217
-0.270
-0.123
0.369
-0.027
0.313
0.122
-0.093
0.129
0.220
0.447
0.294
0.212
-0.096
0.477
0.016
-0.092
0.131
0.142
-0.494
-0.162
0.061
-0.234
0.128
-0.116
-0.173
0.167
0.385
0.271
-0.104
-0.107
0.270
0.951
0.899
0.770
0.964
1.116
1.064
0.966
0.835
0.962
0.564
0.726
-0.257
0.328
-0.121
0.375
0.116
-0.097
0.221
0.262
0.215
0.045
0.031
0.950
1.126
1.004
1.079
1.316
0.857
1.162
1.069
1.150
0.964
1.198
0.614
0.912
1.125
1.070
1.025
1.019
0.837
1.045
1.237
1.133
1.132
0.664
1.198
0.902
1.098
1.082
1.374
1.200
1.225
1.009
1.126
1.217
0.247
-0.181
0.042
0.105
0.109
0.092
-0.332
0.028
-0.051
0.013
-0.010
1.407
1.069
1.017
0.590
1.100
1.040
1.409
0.925
1.115
0.946
1.015
0.656
0.549
0.921
1.398
0.887
1.223
1.098
0.936
1.046
1.120
1.017
1.355
1.177
0.658
0.982
1.165
1.238
1.034
1.083
0.738
0.931
0.904
0.065
-0.036
-0.444
-0.145
0.621
0.044
-0.038
-0.211
-0.163
-0.169
0.032
1.274
0.830
0.939
0.987
1.100
1.249
1.452
1.210
0.930
1.482
0.639
0.164
-0.041
-0.065
-0.124
0.366
0.111
0.026
-0.270
0.042
-0.191
0.245
-0.292
-0.318
0.218
-0.091
0.002
-0.114
0.035
0.044
-0.291
0.154
-0.090
-0.181
-0.183
-0.020
0.053
0.014
-0.548
0.100
0.201
-0.163
0.291
-0.293
1.260
1.118
0.886
0.666
1.090
0.842
1.440
0.798
1.191
0.985
1.083
0.959
1.092
0.995
1.122
1.241
0.969
0.993
1.075
1.249
1.094
1.119
0.827
1.026
0.886
1.129
1.139
1.155
1.018
0.637
0.880
0.721
0.997
-0.139
-0.504
-0.121
0.261
0.562
-0.134
-0.139
-0.171
0.172
-0.039
-0.336
1.010
0.911
1.119
0.862
0.551
1.085
0.779
0.832
0.997
0.785
1.087
1.093
1.012
1.079
0.998
1.173
1.160
0.965
1.010
1.276
0.946
0.989
0.942
0.923
0.712
1.144
0.913
0.536
1.268
1.068
0.814
1.061
1.012
0.092
-0.073
0.027
0.030
0.048
-0.146
-0.024
0.024
-0.144
0.151
-0.117
1.061
0.709
1.046
1.002
0.782
1.275
1.161
0.694
1.195
1.369
0.910
0.981
0.919
1.264
1.289
1.039
1.105
0.652
1.245
1.198
0.788
0.923
0.728
0.977
1.137
1.139
0.838
1.210
1.075
1.091
1.129
1.039
0.845
0.010
-0.262
0.220
-0.209
-0.002
-0.003
0.022
0.059
-0.151
-0.047
0.000
0.106
-0.053
0.075
-0.056
0.025
0.130
-0.060
-0.042
0.205
-0.320
0.161
0.075
-0.146
-0.122
0.046
0.154
0.088
0.214
-0.147
-0.252
0.057
-0.356
1.115
1.124
1.010
0.831
0.760
0.768
1.090
1.109
0.716
1.227
1.063
0.617
1.042
0.927
1.011
0.650
0.922
1.158
1.337
1.063
0.885
0.464
0.470
0.995
1.206
0.978
0.558
1.178
1.138
1.019
1.243
1.155
0.924
-0.001
0.034
0.187
-0.124
0.087
-0.038
-0.274
0.271
-0.090
0.193
-0.328
1.307
1.034
1.111
1.104
1.142
0.911
1.242
0.889
0.654
0.935
0.643
1.377
0.512
1.191
0.914
0.884
1.043
0.978
1.028
0.523
0.810
0.993
1.033
0.876
0.975
0.705
1.278
0.897
1.099
0.528
1.243
1.131
0.848
-0.178
-0.026
-0.165
0.051
-0.051
-0.190
0.443
0.090
-0.064
-0.266
0.102
0.685
0.949
1.477
1.178
0.700
1.103
1.248
0.804
0.759
0.887
0.951
0.988
0.794
1.011
0.745
0.877
0.860
0.618
1.015
0.840
1.007
1.126
0.813
0.869
1.056
1.016
0.961
1.183
1.007
0.950
1.066
0.952
1.198
0.181
0.188
0.078
0.017
-0.144
-0.111
0.103
-0.379
0.045
-0.211
0.007
0.120
0.020
-0.030
0.030
-0.047
-0.025
-0.291
-0.379
0.241
-0.200
-0.116
0.202
-0.162
0.102
0.029
-0.209
0.263
-0.019
-0.183
-0.070
-0.172
-0.337
1.119
0.917
0.851
1.206
0.996
1.165
1.023
0.835
0.995
0.690
1.088
0.889
1.175
1.130
1.209
1.087
0.655
1.028
1.066
0.899
1.119
0.588
1.140
1.087
0.650
1.222
0.804
1.134
1.140
0.738
0.859
0.846
0.886
-0.047
0.026
-0.250
0.132
0.062
0.177
-0.250
0.348
-0.223
0.177
-0.039
0.880
0.540
1.010
0.945
0.982
1.080
1.036
0.834
0.841
1.031
1.530
