1.072
0.913
1.025
1.030
0.840
1.148
0.866
1.147
1.098
1.156
0.760
1.036
1.126
0.933
0.803
1.011
1.163
0.608
1.195
0.769
1.160
1.100
0.959
1.337
1.305
1.356
1.130
0.913
1.280
0.705
1.010
0.704
0.830
1.041
0.829
0.938
0.791
0.818
0.778
1.107
1.113
1.008
0.060
0.084
-0.158
0.093
0.126
0.159
-0.100
-0.106
0.196
0.088
0.201
-0.005
-0.092
-0.060
0.026
0.224
-0.266
-0.277
0.195
-0.002
-0.014
-0.217
0.011
-0.365
0.143
-0.014
0.192
-0.102
0.031
0.080
-0.026
-0.034
-0.148
-0.125
0.096
0.010
-0.219
-0.187
0.012
-0.042
0.413
0.093
1.036
0.904
0.930
0.893
0.763
0.849
0.968
0.836
1.379
0.688
0.912
1.082
0.994
1.305
0.102
0.438
0.298
0.054
-0.185
-0.002
-0.128
0.108
-0.069
-0.002
-0.139
0.079
-0.144
0.314
0.807
1.385
1.085
1.150
1.136
1.018
0.947
0.852
0.898
0.941
0.824
1.087
1.183
1.176
0.064
0.071
-0.309
0.307
-0.007
0.175
-0.112
0.403
0.176
0.005
0.259
0.298
0.179
0.367
0.842
1.089
1.074
0.914
1.061
0.759
1.078
1.113
1.207
1.195
0.888
0.899
1.196
1.146
-0.015
-0.111
-0.048
-0.265
0.136
0.285
0.102
0.148
0.017
-0.225
0.072
0.316
-0.209
0.282
0.957
0.882
1.364
0.819
0.985
1.364
1.032
0.957
1.013
1.349
0.689
1.122
0.789
1.032
-0.001
0.120
-0.106
0.005
0.037
-0.237
0.097
-0.081
-0.231
-0.022
-0.040
-0.006
0.308
-0.060
0.196
-0.080
0.061
-0.480
-0.141
0.425
0.042
0.028
-0.139
0.090
0.005
-0.264
0.056
-0.226
-0.171
-0.090
-0.041
-0.048
0.098
-0.309
0.375
-0.019
-0.085
0.081
0.046
0.089
0.132
-0.052
0.913
0.917
0.992
1.114
1.326
1.122
1.230
1.310
1.038
0.998
1.088
1.040
1.027
1.148
-0.312
0.014
-0.451
0.163
-0.055
-0.147
0.188
0.014
-0.198
-0.169
0.168
0.074
-0.495
-0.267
-0.531
0.083
0.140
0.423
-0.103
0.381
0.105
0.085
0.059
0.179
0.526
0.307
0.141
0.025
-0.013
0.111
0.389
0.082
-0.013
0.335
-0.026
0.168
0.284
0.146
0.075
-0.156
-0.042
0.041
1.185
0.952
0.928
1.184
0.966
0.744
0.849
0.623
1.023
1.524
1.185
1.217
0.877
0.737
0.084
-0.069
0.090
-0.138
-0.258
-0.066
-0.166
0.022
-0.084
0.018
-0.035
-0.292
0.127
-0.168
1.067
0.919
0.976
0.925
1.018
0.744
1.060
0.779
1.041
0.674
0.729
1.100
1.203
1.000
0.098
0.111
-0.082
0.098
-0.322
-0.118
0.107
-0.117
-0.046
0.191
0.034
0.105
-0.414
-0.067
0.850
1.039
1.013
0.542
0.993
0.978
0.864
0.771
0.952
0.910
0.970
0.506
1.279
1.227
0.188
0.011
0.260
-0.055
-0.107
-0.148
-0.297
0.169
0.117
0.076
0.153
0.056
0.035
-0.319
0.107
-0.282
-0.094
-0.037
0.526
0.005
0.072
-0.185
-0.193
-0.323
0.136
0.053
-0.158
0.240
0.213
0.131
-0.384
-0.012
-0.422
0.128
-0.191
-0.031
0.293
0.264
0.003
0.115
0.261
-0.026
0.791
1.209
0.545
1.087
1.074
1.113
1.252
1.082
1.043
1.108
0.818
1.186
0.974
0.670
0.069
0.318
-0.082
-0.007
0.163
-0.069
-0.034
-0.009
0.321
0.316
-0.047
0.157
0.064
0.214
-0.139
-0.179
-0.368
0.198
-0.160
0.139
-0.182
0.368
0.014
-0.243
0.010
0.236
-0.126
-0.032
0.116
0.094
-0.102
0.422
0.365
0.136
-0.175
-0.172
0.370
-0.011
0.070
0.019
-0.207
0.170
-0.045
0.083
-0.055
-0.004
-0.234
0.076
-0.035
0.232
0.192
0.004
-0.112
-0.105
0.182
-0.204
0.056
-0.125
0.079
0.017
-0.327
0.002
-0.040
-0.078
-0.032
-0.139
-0.184
-0.115
0.062
-0.093
0.038
-0.112
-0.033
0.020
-0.088
0.079
-0.010
0.012
0.150
-0.028
-0.019
-0.212
0.049
-0.292
0.161
-0.243
0.034
-0.133
-0.072
0.232
-0.213
0.272
-0.122
-0.237
0.227
-0.376
-0.154
-0.222
1.133
1.213
0.883
0.969
1.059
1.153
0.861
1.319
1.115
0.788
1.014
0.853
1.082
0.957
0.280
0.190
-0.198
-0.256
0.211
0.010
-0.066
-0.085
0.240
-0.034
0.011
-0.044
0.277
-0.157
0.927
0.907
1.361
0.832
0.964
0.969
0.795
0.836
0.964
1.247
1.011
1.043
1.119
0.992
-0.185
-0.152
-0.160
0.291
-0.013
0.128
-0.139
-0.097
0.072
0.233
-0.063
0.228
-0.095
0.359
0.987
0.942
0.768
1.079
0.824
0.983
1.023
0.923
0.816
0.913
1.326
0.989
0.846
1.020
-0.186
0.179
0.080
-0.257
0.113
-0.023
-0.047
-0.080
-0.094
0.129
-0.041
-0.085
-0.146
-0.201
0.985
1.077
1.238
0.866
1.105
1.122
1.049
0.721
1.225
1.104
1.087
0.942
0.988
0.717
1.063
1.174
0.945
0.904
0.878
0.901
1.188
1.111
0.951
0.845
1.061
0.763
1.120
1.081
0.929
0.860
0.565
1.043
0.891
1.076
1.024
0.708
1.008
0.764
1.128
0.946
1.074
1.078
-0.276
-0.243
-0.101
0.312
0.154
-0.087
-0.337
-0.036
0.237
0.127
0.307
-0.387
-0.162
-0.056
-0.079
0.152
-0.147
0.089
-0.345
-0.197
-0.024
-0.166
0.075
0.370
-0.196
0.271
-0.177
0.137
0.113
0.097
-0.172
0.051
0.053
0.176
0.140
0.187
0.195
0.043
0.023
0.350
-0.139
0.321
1.108
0.872
1.027
1.152
0.901
1.190
0.690
0.900
1.012
0.824
1.070
1.117
1.047
1.140
-0.016
-0.014
-0.241
0.055
-0.094
0.066
0.134
0.174
0.174
0.166
-0.143
0.144
0.023
-0.060
0.769
0.782
0.823
1.064
0.967
0.996
0.777
1.169
1.056
0.836
1.279
0.953
1.000
1.072
0.003
0.402
-0.004
0.063
-0.108
0.012
0.446
0.116
-0.362
-0.060
0.163
0.023
-0.030
0.216
0.163
0.099
0.291
0.125
0.280
-0.064
0.167
-0.124
0.053
0.266
-0.431
0.182
0.337
0.139
0.199
-0.056
-0.200
-0.086
0.041
-0.163
0.053
0.011
0.214
0.206
0.143
-0.216
-0.036
0.105
1.283
0.975
0.758
1.138
0.923
0.945
1.367
1.101
0.784
0.985
0.870
1.170
1.066
0.952
1.076
0.973
1.212
0.973
0.747
1.036
0.963
1.010
0.802
0.814
0.911
1.251
0.797
1.282
0.900
0.985
1.184
1.160
0.946
0.883
1.439
0.799
0.892
0.965
0.871
1.031
1.268
0.902
0.104
0.246
-0.194
-0.207
-0.200
-0.062
0.247
-0.191
-0.117
-0.072
0.145
-0.077
0.225
0.070
0.588
1.217
1.039
1.095
0.734
0.813
1.109
0.817
1.057
0.944
0.976
0.908
0.857
0.935
1.035
1.190
0.662
1.010
1.104
0.674
0.999
0.892
1.022
1.290
1.207
0.896
0.845
0.858
0.663
0.838
1.018
0.883
1.050
1.236
1.182
0.849
0.695
0.826
1.249
1.375
1.008
1.172
0.319
-0.065
-0.014
0.050
0.182
-0.064
-0.035
-0.117
0.025
-0.045
0.160
0.028
0.138
0.206
0.819
1.115
1.044
0.955
0.832
0.876
0.881
0.843
0.988
1.021
0.936
0.921
1.020
0.866
1.079
0.923
1.322
1.069
1.226
1.160
0.951
1.139
1.259
0.862
1.078
1.068
1.237
1.032
1.194
0.957
1.030
0.856
0.883
1.163
0.745
1.220
0.913
0.580
1.319
1.031
0.898
0.529
-0.268
0.016
0.175
-0.298
0.004
-0.121
0.043
0.054
-0.208
0.160
0.149
0.257
-0.189
-0.204
-0.185
0.106
-0.154
0.258
0.195
-0.034
-0.022
-0.123
-0.228
-0.001
0.278
0.371
-0.129
0.074
-0.219
0.116
0.005
-0.115
-0.061
0.050
0.166
0.070
-0.097
-0.227
0.197
-0.067
0.310
-0.029
1.063
0.946
1.089
1.006
0.877
1.163
1.045
0.827
0.914
1.156
1.076
1.102
0.986
0.806
-0.091
-0.193
0.020
0.137
-0.441
0.189
-0.161
-0.066
0.348
0.087
0.162
0.108
-0.211
0.037
0.829
0.629
1.166
1.143
1.011
1.099
1.068
1.254
1.086
0.914
1.136
0.713
1.007
0.675
1.051
0.984
0.824
1.120
0.614
0.986
1.114
0.645
0.925
0.910
0.992
1.023
1.181
0.745
0.753
1.091
1.053
0.996
0.917
0.958
0.955
1.244
1.081
0.973
0.943
0.782
0.879
1.194
-0.056
0.264
0.109
-0.171
-0.131
-0.115
0.141
-0.057
-0.165
-0.114
0.155
0.052
0.234
0.027
1.022
1.078
1.038
0.896
1.025
1.325
1.102
1.120
1.134
1.212
1.010
0.946
0.818
1.052
0.122
0.009
-0.084
0.030
-0.259
0.032
0.165
0.260
-0.380
-0.055
-0.244
-0.076
-0.117
-0.032
1.151
1.160
0.780
0.858
1.210
1.261
1.061
1.024
1.414
0.905
1.141
0.968
1.122
1.080
-0.042
0.008
0.013
0.049
-0.102
-0.142
-0.021
0.118
-0.097
0.196
0.203
-0.217
-0.051
-0.253
-0.179
-0.329
0.162
-0.137
-0.032
0.124
0.037
-0.094
-0.065
0.293
-0.061
0.073
0.065
0.283
-0.164
0.172
0.086
-0.209
-0.063
0.139
0.035
-0.009
-0.059
0.029
-0.024
-0.085
0.212
-0.137
1.013
0.561
0.676
1.058
0.699
0.821
0.957
1.159
0.766
0.939
0.795
1.132
0.974
0.782
-0.212
0.109
0.162
-0.322
-0.268
0.197
0.008
0.198
-0.133
0.278
0.148
0.180
0.339
-0.099
-0.209
-0.089
0.024
0.236
0.289
0.089
0.004
-0.025
-0.109
0.113
-0.249
0.247
0.064
-0.037
-0.030
0.059
0.046
0.058
-0.206
-0.139
0.016
-0.219
0.371
0.023
-0.275
-0.203
0.160
0.143
0.914
0.971
1.066
0.940
1.213
0.979
1.217
0.779
0.703
0.690
1.292
1.088
0.836
0.886
0.896
1.020
0.917
0.989
0.864
1.076
0.723
1.418
1.126
1.088
0.823
1.219
0.872
0.918
1.184
1.182
1.253
1.387
0.884
0.803
0.994
0.971
1.104
0.910
0.842
0.881
1.065
0.709
-0.138
0.264
-0.095
0.274
0.069
-0.079
0.300
-0.048
-0.170
-0.026
-0.053
0.036
0.016
-0.066
1.064
0.807
0.931
0.762
1.057
0.757
1.412
0.887
0.863
1.230
1.232
1.035
1.084
0.796
-0.303
0.248
-0.092
0.100
-0.197
0.066
0.072
-0.030
0.089
0.235
-0.114
-0.045
-0.177
-0.063
-0.124
0.109
-0.360
0.121
-0.334
0.232
0.027
-0.332
0.289
-0.377
-0.167
-0.034
0.088
0.037
0.018
-0.050
0.035
0.030
-0.103
-0.108
-0.012
-0.042
-0.007
0.068
0.246
0.149
-0.505
-0.199
0.964
1.115
1.019
0.822
0.673
1.109
1.240
0.873
1.117
0.543
0.924
1.377
0.770
0.799
1.110
0.896
1.080
1.092
0.786
0.885
1.120
0.992
0.987
1.008
1.101
0.954
1.170
1.017
1.000
1.515
0.786
1.365
0.841
1.104
1.277
1.017
1.102
1.218
0.879
1.143
0.745
0.833
-0.346
0.039
0.090
0.058
-0.145
0.095
0.279
-0.034
0.159
0.064
-0.003
-0.049
0.144
0.267
0.072
-0.309
-0.038
-0.186
0.003
0.120
0.092
-0.131
0.507
0.160
-0.153
-0.600
0.099
0.228
0.132
-0.330
-0.166
0.019
-0.090
0.039
-0.053
0.078
-0.045
0.135
0.182
-0.152
-0.061
-0.144
-0.259
0.352
-0.040
-0.015
-0.438
-0.367
0.129
0.128
0.125
-0.181
-0.106
0.320
-0.067
-0.069
-0.299
-0.106
0.157
0.157
0.172
0.118
0.251
0.057
0.206
-0.000
-0.104
0.102
0.176
-0.035
-0.520
0.104
0.316
0.111
-0.208
-0.068
-0.132
0.087
0.046
0.094
0.188
0.113
-0.068
0.218
0.036
0.058
-0.295
-0.340
-0.068
-0.163
-0.249
0.157
-0.052
0.013
-0.112
-0.152
-0.245
-0.044
1.062
1.376
0.824
0.904
0.994
0.772
0.847
1.250
1.170
0.578
0.904
1.037
0.999
1.042
1.053
1.164
0.903
0.790
1.150
0.851
1.052
1.152
0.961
0.756
1.045
1.042
1.047
1.302
0.983
1.061
0.768
0.845
1.088
0.989
0.797
0.961
0.850
1.212
0.694
1.095
1.350
0.978
-0.279
0.240
-0.001
0.323
0.247
-0.095
0.232
-0.028
0.172
-0.057
0.054
0.140
0.068
-0.121
1.423
0.959
0.912
1.043
1.183
1.023
1.192
1.011
0.898
1.102
0.980
1.064
1.220
1.071
0.173
0.104
-0.151
-0.237
0.047
-0.250
-0.059
0.085
-0.306
0.047
-0.165
-0.283
0.246
0.145
0.936
0.827
0.956
1.184
1.210
1.026
0.790
1.007
1.149
0.816
0.636
1.145
1.060
1.114
-0.122
-0.365
-0.064
0.094
-0.127
-0.068
-0.294
-0.111
-0.245
0.075
0.186
0.162
-0.206
-0.101
-0.072
-0.054
0.152
-0.331
0.240
-0.359
0.048
-0.011
0.057
-0.359
-0.235
-0.316
-0.275
-0.123
-0.233
-0.067
0.138
-0.137
0.122
-0.107
-0.160
0.204
0.073
0.092
0.041
-0.002
0.240
0.225
0.745
1.064
1.289
1.222
1.016
1.115
0.848
1.159
1.074
1.001
1.124
0.824
0.549
1.122
-0.073
-0.087
0.112
0.108
0.150
0.221
0.158
-0.118
0.035
0.152
-0.039
-0.221
0.016
0.175
-0.039
0.016
0.119
-0.172
-0.480
-0.026
0.308
0.037
-0.334
0.276
-0.027
-0.182
-0.156
0.065
-0.122
0.082
-0.339
0.175
0.136
0.295
0.097
0.010
-0.150
0.192
-0.041
-0.096
0.169
0.184
1.306
1.021
0.751
1.262
1.304
1.119
0.899
1.015
1.203
1.068
0.801
1.037
1.037
0.866
0.547
0.127
-0.239
-0.149
0.202
-0.087
0.182
-0.327
0.430
0.216
0.052
-0.042
0.210
0.095
1.153
1.196
1.081
0.879
0.953
0.948
0.943
0.739
0.923
0.826
1.024
1.122
1.226
1.203
1.171
0.811
1.044
0.676
0.755
0.488
0.802
1.077
1.182
1.093
1.101
0.952
1.121
0.985
0.908
0.966
0.972
0.998
0.969
0.730
1.064
0.986
1.263
0.811
1.249
0.933
1.015
0.751
0.166
-0.065
0.112
-0.020
0.063
-0.214
0.144
0.045
-0.363
-0.120
0.063
0.031
0.207
-0.121
0.829
0.872
1.079
0.885
1.152
0.956
0.803
1.055
1.221
0.966
1.014
1.077
1.091
0.875
-0.096
-0.095
0.010
-0.071
-0.042
0.179
0.192
0.025
0.031
-0.138
0.468
0.022
-0.141
0.613
0.937
1.066
0.903
1.113
0.747
0.983
0.953
0.958
1.177
1.171
1.060
0.736
1.506
1.152
0.005
-0.146
0.214
0.171
-0.108
0.238
0.075
0.282
-0.043
0.220
-0.084
0.496
0.278
0.090
0.086
-0.071
0.099
0.123
0.070
-0.128
-0.015
0.110
-0.153
0.189
0.336
-0.091
-0.034
0.066
0.192
0.355
-0.486
0.026
-0.010
-0.137
-0.022
0.094
0.013
-0.189
-0.148
0.217
-0.067
-0.039
1.143
1.104
1.049
1.009
1.012
0.962
1.019
0.840
1.121
0.847
1.322
1.106
0.912
0.996
-0.133
0.078
0.031
0.105
0.039
0.048
-0.082
-0.281
-0.043
-0.341
0.189
-0.108
0.341
-0.081
0.975
0.759
1.063
1.248
1.245
1.177
0.928
0.729
0.506
1.251
0.795
1.238
1.289
1.093
-0.099
0.165
0.125
-0.064
0.085
0.014
-0.225
0.156
0.344
0.055
-0.009
0.284
0.052
0.209
-0.047
-0.255
-0.128
-0.217
0.148
0.393
-0.044
0.072
0.066
-0.015
0.258
-0.135
-0.029
0.103
-0.131
-0.183
0.287
-0.159
0.050
-0.103
-0.140
-0.023
0.084
0.188
-0.052
0.187
0.027
-0.307
0.861
1.141
0.640
0.838
0.902
1.443
1.248
1.111
0.687
1.093
1.044
1.017
1.012
1.072
1.413
0.796
0.879
1.091
1.083
1.045
0.832
0.643
1.040
1.066
1.016
0.974
0.985
0.935
0.900
0.749
1.009
1.362
0.790
1.155
0.873
1.021
0.975
0.911
0.855
1.041
1.023
1.214
-0.120
0.144
0.036
-0.099
0.140
-0.072
0.065
0.144
0.040
-0.144
-0.121
-0.103
0.048
-0.104
0.616
0.843
0.896
1.323
1.169
0.972
1.335
1.232
1.140
1.161
0.914
0.966
0.736
0.960
1.080
1.391
1.028
1.094
1.130
0.949
1.040
0.899
1.147
1.126
1.039
0.976
0.945
1.272
1.255
1.260
0.908
1.142
0.815
0.611
0.888
1.008
1.059
0.908
1.014
1.069
1.126
0.906
-0.147
0.089
-0.017
0.453
0.020
0.048
0.127
-0.263
0.291
0.045
-0.341
-0.006
-0.247
0.183
0.894
0.955
1.001
0.833
1.203
0.920
1.016
1.362
0.929
1.044
0.777
1.167
1.054
0.949
0.016
-0.103
-0.338
0.009
-0.225
0.096
-0.035
-0.261
-0.077
-0.169
-0.054
-0.012
-0.017
-0.021
0.282
0.103
-0.146
0.554
-0.135
0.194
0.015
0.126
-0.012
-0.010
0.065
-0.090
-0.071
-0.098
-0.402
0.019
0.331
0.045
0.181
0.098
-0.155
-0.131
-0.123
-0.131
-0.067
0.222
-0.069
-0.126
0.921
0.749
0.858
0.882
0.835
0.922
0.805
0.946
1.197
0.635
1.120
1.043
0.753
0.950
-0.024
0.078
0.018
0.248
-0.197
-0.297
0.249
0.088
-0.071
-0.264
0.125
0.100
-0.134
0.112
0.714
0.634
1.164
1.189
1.101
1.069
0.925
0.813
1.261
0.862
0.655
1.102
0.677
0.591
0.175
0.050
0.156
-0.069
0.033
0.137
0.098
0.135
0.050
-0.248
0.025
-0.050
0.090
0.131
1.041
1.052
0.847
0.486
0.751
0.850
0.895
0.866
0.955
0.867
1.298
0.976
0.907
1.013
-0.059
-0.119
-0.075
-0.174
-0.092
-0.026
0.010
0.068
0.095
0.095
-0.223
-0.131
0.054
-0.128
1.179
0.842
1.319
1.059
0.763
0.881
0.947
1.406
0.804
1.039
0.993
1.034
0.998
1.092
0.191
-0.136
-0.136
0.146
-0.076
-0.097
0.063
0.069
0.415
-0.106
-0.282
0.077
0.120
-0.063
0.070
-0.190
-0.135
0.144
0.017
-0.004
-0.039
-0.280
0.251
-0.166
0.026
-0.016
0.387
0.219
0.263
0.087
0.023
0.075
-0.069
-0.007
0.143
0.166
-0.106
-0.138
-0.295
0.092
0.157
-0.456
0.694
0.992
1.086
1.191
1.104
0.991
1.049
0.918
1.179
0.976
0.891
0.805
1.134
1.282
1.084
1.000
1.134
0.776
0.937
0.895
1.227
0.818
0.994
1.069
1.053
0.845
0.860
1.246
0.889
1.106
1.168
1.257
1.166
1.328
1.111
1.307
1.174
0.610
0.815
1.006
1.154
1.159
0.235
0.155
-0.150
-0.084
-0.084
-0.104
0.098
0.046
-0.099
-0.102
-0.028
0.099
-0.267
0.076
0.099
0.190
0.258
-0.460
-0.351
0.167
0.178
-0.380
0.077
-0.065
-0.123
-0.105
-0.044
0.298
-0.074
-0.131
0.389
-0.481
0.153
-0.122
-0.120
0.318
0.137
0.049
-0.223
0.120
0.220
-0.235
1.102
1.023
0.966
0.950
1.046
0.959
0.976
0.795
0.987
1.246
1.245
1.035
0.991
1.070
-0.014
-0.257
0.171
-0.376
-0.264
0.081
0.076
0.138
-0.269
0.163
-0.045
0.104
0.129
0.019
0.947
0.834
1.046
0.650
0.953
0.859
0.865
0.909
0.813
0.879
0.797
1.240
0.567
1.259
-0.067
0.198
-0.044
-0.291
-0.120
-0.014
0.053
-0.099
0.076
0.027
-0.058
-0.090
-0.100
0.091
0.950
0.729
0.504
1.182
0.951
1.084
1.022
1.221
1.042
1.325
1.198
1.355
1.049
0.872
-0.540
0.105
-0.160
-0.046
0.009
-0.436
-0.083
0.167
0.243
0.090
-0.085
0.124
0.557
0.104
-0.185
-0.043
0.002
-0.080
-0.322
0.265
-0.219
-0.156
0.142
-0.208
-0.189
0.157
-0.185
-0.126
-0.020
0.392
-0.110
-0.101
0.226
0.052
0.139
0.257
0.154
-0.001
0.297
-0.028
-0.016
-0.106
-0.020
0.387
-0.111
-0.172
0.087
0.164
-0.141
0.022
-0.082
0.129
0.113
-0.087
-0.140
0.082
0.184
0.022
0.041
0.033
0.072
-0.019
0.084
0.030
0.348
0.037
0.019
-0.051
0.004
0.172
-0.395
0.071
-0.166
-0.220
0.035
0.030
-0.167
0.075
0.020
-0.149
-0.058
-0.070
0.441
0.209
-0.016
0.116
-0.125
0.052
-0.219
0.106
-0.069
0.081
0.123
0.069
0.071
0.425
-0.218
-0.073
1.276
1.106
0.747
1.102
0.860
0.755
0.930
1.137
0.947
1.028
1.071
1.210
0.949
0.752
0.006
-0.101
0.242
-0.005
-0.147
0.446
-0.120
-0.298
0.011
0.239
0.008
0.042
0.113
-0.040
1.046
0.879
0.771
1.071
0.604
1.046
0.961
0.645
0.943
1.230
0.903
0.790
1.025
1.009
-0.320
-0.312
0.205
-0.135
0.117
-0.108
-0.241
-0.330
0.279
0.298
-0.455
-0.062
0.276
-0.246
0.919
0.794
1.181
0.844
1.006
0.936
1.100
0.634
1.118
1.319
1.025
1.054
1.165
1.062
0.338
-0.098
-0.370
-0.209
-0.313
0.041
-0.102
0.034
0.050
-0.196
-0.189
-0.325
-0.238
0.013
1.210
1.132
0.878
0.819
1.081
0.712
0.974
1.202
0.697
0.794
0.939
1.177
0.898
1.212
0.114
-0.105
-0.113
-0.016
-0.069
-0.105
-0.066
0.124
0.362
-0.111
-0.017
0.023
0.013
-0.191
-0.151
-0.272
-0.060
0.022
-0.160
0.195
-0.197
0.061
-0.179
-0.173
0.109
0.100
0.010
0.094
0.053
0.134
0.097
0.209
0.430
0.301
-0.140
0.002
-0.012
-0.107
-0.260
0.004
-0.141
-0.142
0.983
1.421
1.342
1.033
1.074
0.938
0.799
1.018
0.888
1.071
0.925
0.883
0.774
1.137
-0.369
-0.314
0.142
-0.188
0.008
-0.114
0.316
0.408
-0.062
0.025
0.148
0.143
0.125
-0.114
0.910
0.840
1.197
1.199
1.066
0.874
0.902
0.675
0.750
0.984
0.667
0.886
1.176
1.350
1.035
0.918
1.082
0.903
0.730
1.053
1.266
0.944
1.251
0.932
0.856
0.939
1.052
0.632
0.863
0.878
0.827
1.061
0.748
0.979
1.247
0.615
0.943
0.833
1.095
0.814
1.232
0.787
-0.206
-0.196
-0.291
0.096
0.074
-0.159
-0.108
0.276
-0.066
0.036
0.096
0.017
0.038
-0.070
0.014
0.125
0.294
-0.049
-0.131
0.166
-0.102
-0.178
-0.183
0.074
0.176
-0.194
0.196
0.050
-0.055
-0.102
0.061
-0.342
-0.045
0.224
0.020
-0.064
-0.220
-0.051
0.215
0.341
-0.220
-0.262
1.069
0.889
0.808
0.605
1.029
0.731
0.948
1.201
0.993
1.498
1.133
1.121
0.846
1.060
-0.100
-0.043
-0.212
-0.048
-0.034
0.007
-0.137
0.204
-0.028
0.044
-0.179
-0.089
-0.133
-0.055
0.908
1.016
1.057
1.039
0.913
1.111
1.103
0.911
0.822
1.119
1.290
0.818
1.129
0.724
-0.097
-0.143
-0.023
-0.094
-0.053
0.441
-0.063
-0.225
0.290
-0.040
-0.071
0.108
-0.293
0.043
1.126
1.057
1.199
1.003
1.067
0.779
1.353
0.940
0.745
1.167
0.999
1.172
0.669
0.611
0.170
0.127
0.337
0.294
0.077
0.114
-0.041
0.030
-0.040
-0.053
0.064
0.115
0.166
0.013
0.700
1.060
1.120
0.760
0.602
1.207
0.727
0.929
0.888
1.191
1.219
0.926
1.058
1.121
1.018
1.121
1.125
0.891
1.243
1.029
1.003
1.366
0.916
0.942
1.077
0.918
0.969
1.102
0.716
1.032
0.687
0.826
0.985
0.610
0.939
0.854
1.138
0.928
1.021
0.979
0.847
0.896
0.298
-0.097
0.018
-0.092
-0.014
-0.217
0.203
-0.114
-0.284
0.212
-0.215
-0.050
0.121
0.215
-0.025
0.041
0.199
0.047
-0.227
0.021
0.329
-0.014
0.085
0.035
-0.034
-0.129
0.010
-0.053
-0.064
0.114
-0.029
-0.071
-0.152
0.114
0.256
0.008
-0.188
-0.028
-0.020
-0.154
-0.263
0.161
1.083
1.178
0.819
0.787
1.209
1.191
0.851
0.899
0.715
1.453
0.809
1.072
0.971
0.920
-0.304
0.015
-0.191
0.137
0.148
-0.168
0.064
0.013
-0.182
0.152
0.061
-0.123
-0.105
-0.059
0.259
-0.132
0.037
-0.164
0.085
-0.274
-0.067
0.139
0.273
-0.346
0.259
-0.029
-0.021
-0.071
-0.073
-0.391
0.206
0.235
0.184
-0.397
0.348
-0.117
0.169
-0.178
-0.290
-0.217
-0.023
0.151
0.073
-0.088
0.287
-0.133
-0.060
-0.111
-0.142
-0.320
0.196
-0.095
0.090
-0.141
0.065
-0.083
-0.030
0.115
0.262
0.294
-0.062
0.065
0.187
-0.041
-0.010
-0.141
0.362
-0.187
-0.011
0.025
-0.119
-0.336
-0.122
0.116
-0.156
0.336
-0.193
-0.051
0.210
0.187
-0.128
0.054
0.028
0.303
-0.028
0.068
-0.330
0.136
0.174
-0.064
0.129
-0.260
0.109
-0.024
0.034
-0.136
-0.039
-0.133
1.224
1.062
0.854
1.107
0.840
0.903
1.126
0.778
1.007
1.139
0.935
1.037
1.157
0.916
0.164
-0.049
0.272
0.466
0.102
0.164
-0.187
-0.081
-0.196
0.151
0.116
0.093
0.159
0.529
0.979
0.737
0.610
0.520
1.320
1.037
0.787
0.790
1.326
0.800
1.216
1.178
1.181
1.446
-0.195
0.164
0.037
0.141
-0.305
-0.126
-0.061
-0.072
-0.186
0.190
0.050
-0.092
0.111
0.198
1.050
0.800
1.156
1.295
1.262
0.815
0.757
0.822
0.922
0.825
0.998
0.952
1.111
0.975
0.169
-0.319
0.173
-0.048
-0.104
-0.162
-0.127
-0.025
-0.101
-0.063
0.030
-0.019
0.043
-0.106
1.455
0.999
1.121
1.120
0.999
0.898
1.125
1.405
1.196
1.093
0.883
1.026
0.957
0.828
1.011
0.411
0.626
0.759
1.004
0.849
0.906
0.944
0.781
0.986
1.233
1.154
1.138
0.894
1.132
1.192
1.101
0.970
1.087
0.764
0.893
0.645
1.009
1.125
0.880
0.944
1.059
0.791
0.252
0.040
-0.086
0.088
-0.059
0.153
-0.049
-0.116
0.052
-0.290
-0.121
-0.022
0.264
-0.085
0.154
-0.196
0.352
0.426
0.324
-0.031
-0.215
-0.065
0.041
-0.072
0.023
0.134
-0.152
-0.102
-0.218
0.156
-0.165
-0.021
-0.296
0.109
-0.145
0.092
-0.136
0.325
0.012
0.164
-0.034
-0.410
1.012
0.851
1.331
0.855
0.676
1.009
1.053
1.028
0.820
0.964
0.929
0.861
0.919
0.598
-0.013
-0.099
-0.116
0.047
-0.308
-0.038
0.074
-0.311
-0.043
-0.192
0.223
0.127
0.148
-0.090
0.754
0.739
0.932
0.922
0.921
1.009
0.725
0.803
0.956
0.807
0.790
1.029
1.139
0.788
0.150
0.064
0.414
-0.183
-0.246
0.082
-0.114
-0.086
-0.276
-0.164
0.226
0.212
0.124
0.464
-0.183
0.162
-0.119
0.130
0.042
-0.032
-0.439
0.098
0.246
0.122
-0.040
-0.195
0.348
0.140
-0.014
0.219
-0.120
-0.194
0.006
-0.179
0.054
0.220
-0.414
-0.265
0.338
0.236
-0.227
0.050
1.164
0.917
1.061
0.956
0.857
1.050
0.794
0.975
0.893
0.987
1.110
0.559
1.049
1.369
0.936
0.761
1.007
0.826
0.934
0.957
1.173
1.034
1.082
0.957
0.902
1.171
1.014
1.126
1.054
0.818
1.101
0.933
0.989
1.003
0.773
1.171
0.767
0.938
1.009
0.969
0.761
1.178
-0.072
0.200
0.020
0.153
-0.062
-0.052
-0.031
-0.146
-0.172
-0.370
0.155
-0.099
-0.199
-0.219
0.846
1.083
1.088
1.164
1.082
0.843
1.117
1.086
1.258
0.986
0.902
0.962
0.810
1.257
1.014
0.913
1.149
1.190
1.256
0.996
0.791
1.137
1.306
1.189
1.140
0.941
0.981
1.126
1.035
0.958
1.261
1.055
0.866
1.221
1.177
1.097
0.893
0.880
1.002
0.899
1.052
0.828
-0.011
-0.126
0.214
0.201
-0.065
0.437
0.004
-0.010
-0.001
0.185
-0.028
0.110
0.091
-0.068
0.784
0.651
0.560
0.769
0.763
1.158
1.231
0.887
0.891
0.990
0.963
1.138
1.166
0.937
1.109
1.205
1.034
1.230
0.920
0.675
1.004
0.884
0.905
0.954
0.989
1.040
1.113
1.126
1.044
0.991
1.239
1.102
1.057
1.243
0.918
0.989
0.903
1.176
0.896
1.294
0.941
1.312
-0.174
-0.149
-0.063
-0.231
0.028
0.013
0.284
-0.316
-0.025
-0.132
0.010
0.030
0.064
-0.199
-0.053
-0.313
-0.124
0.096
0.265
-0.001
-0.043
0.251
-0.094
0.422
-0.212
0.197
-0.028
-0.400
-0.073
-0.043
0.084
0.145
-0.134
0.118
0.012
-0.030
0.006
0.223
-0.228
-0.007
0.040
0.273
0.794
1.326
0.972
0.766
0.947
1.213
1.114
1.047
0.739
0.915
0.687
0.930
0.775
1.140
0.165
-0.188
0.024
-0.059
-0.016
-0.090
-0.023
0.239
-0.007
-0.269
-0.328
-0.049
-0.106
-0.329
0.832
1.111
1.018
1.091
1.058
0.809
1.121
0.965
0.850
1.152
0.931
0.829
0.944
1.200
0.835
0.906
0.765
0.968
0.717
0.701
1.280
0.669
0.772
0.916
1.172
1.033
1.020
1.361
1.077
1.061
0.950
0.907
0.846
1.061
1.012
0.925
1.134
0.858
1.208
1.045
0.847
1.089
0.125
0.114
0.048
-0.147
0.097
0.028
0.069
0.196
0.016
0.013
-0.032
0.112
0.038
0.416
1.358
1.220
1.096
1.168
0.970
1.147
0.767
1.313
1.252
0.608
0.874
1.037
0.964
1.414
-0.004
0.185
-0.259
-0.106
-0.211
-0.010
0.037
-0.438
0.278
0.084
-0.018
-0.200
0.079
-0.125
0.948
1.073
0.854
0.767
0.811
0.607
0.864
0.885
1.028
0.873
1.292
1.069
0.717
1.011
-0.162
0.138
-0.088
0.159
-0.250
-0.116
0.188
0.086
-0.248
-0.102
0.211
0.283
-0.100
-0.030
-0.048
0.071
0.242
-0.045
-0.222
0.138
-0.145
0.269
-0.389
0.058
-0.016
-0.190
-0.202
0.157
-0.201
0.098
0.118
0.362
-0.016
-0.008
-0.214
0.099
0.005
-0.330
0.065
-0.115
-0.174
-0.071
1.119
0.901
0.849
0.960
1.381
1.034
0.623
1.037
1.129
1.065
0.794
1.042
1.049
1.121
0.117
-0.073
-0.052
-0.208
-0.137
0.543
0.074
-0.009
0.553
-0.112
-0.238
0.111
0.123
-0.457
-0.081
0.126
-0.101
0.552
-0.219
-0.043
0.242
-0.003
-0.155
-0.061
-0.134
-0.193
0.039
0.100
-0.069
-0.003
-0.202
-0.189
-0.030
-0.156
-0.266
-0.138
0.019
-0.007
-0.004
0.324
0.156
-0.028
1.015
1.017
0.649
0.835
0.766
1.122
0.756
1.144
1.060
1.188
1.147
1.122
1.103
0.827
1.217
1.109
0.935
0.859
0.935
1.178
0.964
0.921
0.863
1.064
1.144
1.050
0.915
1.179
1.131
0.706
0.926
1.170
1.187
0.787
0.657
0.863
1.052
0.801
0.851
0.987
1.162
1.389
-0.187
-0.235
0.114
0.063
-0.473
0.149
-0.024
0.297
0.147
-0.190
0.057
0.078
-0.198
0.038
1.225
0.745
0.926
0.647
1.064
0.977
0.689
1.109
1.222
1.245
0.933
1.005
1.027
1.018
0.095
-0.184
-0.025
-0.085
-0.102
0.003
0.170
0.190
0.140
0.204
-0.173
-0.069
-0.469
-0.305
-0.149
-0.171
0.107
0.219
0.056
-0.092
-0.248
0.204
-0.084
0.151
0.345
-0.037
0.096
-0.105
-0.153
-0.175
0.061
-0.105
0.023
-0.094
0.088
0.014
-0.278
0.233
-0.020
-0.080
0.118
0.100
0.793
1.091
1.027
1.177
0.918
0.773
0.967
0.968
0.939
0.508
0.983
1.130
0.751
0.789
0.740
0.815
0.860
0.662
0.870
0.913
0.832
0.865
1.220
0.682
1.185
1.238
1.098
0.909
1.345
0.789
0.692
0.924
0.891
1.391
1.072
0.846
0.952
1.030
0.930
0.980
0.908
1.259
0.240
-0.046
-0.212
-0.304
-0.148
-0.117
0.021
-0.345
0.127
-0.158
-0.246
-0.063
0.005
-0.033
0.169
-0.200
0.285
-0.229
-0.171
0.214
-0.281
-0.027
0.033
0.014
-0.193
0.220
0.080
0.213
-0.334
0.358
-0.120
-0.155
0.157
-0.275
-0.041
-0.056
-0.125
-0.145
-0.356
0.051
0.123
-0.078
-0.216
0.027
-0.123
-0.157
0.119
0.025
-0.185
0.155
0.075
0.093
-0.054
0.440
0.019
0.500
-0.369
0.212
-0.137
0.299
-0.069
0.062
-0.085
-0.186
0.077
0.036
0.180
0.016
-0.034
-0.116
-0.014
0.089
-0.070
0.026
0.094
-0.044
0.022
0.111
0.032
-0.170
0.124
0.046
0.167
-0.103
0.055
0.033
-0.458
-0.332
0.049
-0.068
-0.040
0.257
-0.072
0.321
-0.046
0.228
0.275
-0.205
0.861
0.663
1.075
1.096
0.564
0.907
0.836
1.138
0.846
1.171
1.298
1.352
1.015
1.181
-0.057
0.190
-0.231
-0.168
0.044
0.014
0.033
-0.196
0.108
0.072
0.057
0.299
0.168
-0.108
0.367
0.287
0.151
0.043
0.173
-0.044
-0.158
-0.056
0.029
0.120
-0.140
0.130
-0.002
-0.118
0.033
0.115
-0.047
-0.056
0.119
0.091
-0.061
-0.150
-0.045
-0.003
-0.117
-0.110
-0.036
0.339
0.814
1.051
1.052
0.810
0.799
1.282
1.046
0.943
0.972
1.336
1.105
1.073
1.197
1.122
1.090
1.139
0.754
1.274
0.962
1.028
0.670
0.989
1.178
0.983
0.947
1.286
0.932
1.292
0.774
1.111
1.201
0.834
0.975
0.970
0.958
0.797
0.933
1.202
1.258
1.228
0.803
0.933
0.235
-0.235
0.383
-0.114
0.203
-0.228
0.250
0.436
-0.439
0.296
0.096
-0.032
0.080
-0.104
1.203
1.057
0.958
1.025
0.673
1.065
1.096
0.540
1.031
1.107
0.932
0.817
0.800
0.943
0.260
0.107
-0.163
0.040
0.091
0.173
0.009
-0.149
0.108
0.065
0.012
0.017
0.233
-0.211
0.171
-0.230
0.005
0.088
-0.014
-0.155
0.215
0.134
-0.031
0.031
0.052
-0.088
0.334
-0.199
0.365
0.086
0.237
0.166
-0.328
0.038
-0.154
0.027
0.037
0.237
0.119
0.002
0.008
0.091
0.716
0.674
1.067
1.168
1.171
0.813
0.746
0.833
1.032
0.875
1.148
1.239
1.202
1.212
0.876
0.963
1.200
0.847
0.810
0.843
1.039
0.807
0.900
1.078
0.937
0.706
1.104
0.951
0.783
1.129
0.853
1.157
1.029
0.995
1.097
1.158
1.020
0.868
0.952
0.811
1.098
0.984
-0.252
0.127
-0.002
0.093
0.101
-0.233
-0.194
-0.113
0.087
-0.235
0.094
0.062
-0.012
0.007
0.812
0.680
0.799
0.740
0.920
1.043
0.948
0.999
0.907
1.075
1.390
1.106
0.872
1.183
0.179
0.211
0.152
0.084
-0.050
-0.219
-0.185
0.280
-0.021
0.142
-0.356
-0.123
0.396
0.306
1.150
0.945
0.788
0.929
0.993
1.095
1.298
0.780
0.709
0.850
1.220
1.003
0.890
1.235
0.225
0.142
0.073
0.160
0.131
-0.300
0.357
-0.279
-0.072
-0.031
-0.020
-0.295
-0.251
0.005
0.258
0.192
0.136
0.049
-0.087
0.085
0.024
-0.130
0.144
-0.034
0.151
-0.105
-0.089
0.208
0.211
-0.252
0.164
-0.102
-0.247
0.050
-0.092
-0.270
0.218
-0.074
-0.110
0.064
-0.151
0.227
0.909
1.284
0.949
0.717
1.048
0.735
1.164
1.086
0.931
1.236
1.254
0.900
0.770
1.121
-0.100
-0.250
0.173
0.032
0.079
0.047
0.127
0.044
0.245
0.043
-0.158
-0.100
0.058
-0.135
1.002
1.038
0.879
1.027
0.978
1.270
1.435
1.057
1.169
1.260
1.419
0.944
1.280
1.122
-0.059
-0.269
-0.071
0.168
-0.414
-0.010
0.227
0.135
0.087
0.011
-0.039
-0.128
0.035
-0.242
0.845
1.117
1.011
0.947
1.240
0.749
1.470
1.167
0.886
0.948
0.964
1.147
1.066
1.031
