1.230
1.064
0.940
0.655
1.302
1.146
1.125
0.745
1.033
0.862
0.755
1.131
0.809
0.801
0.139
-0.203
0.061
0.013
0.238
0.033
0.013
-0.314
-0.134
-0.151
0.093
-0.029
-0.000
0.062
0.930
1.016
1.083
1.115
1.027
0.951
0.808
0.891
1.087
1.167
1.046
1.123
0.773
0.724
1.145
0.917
0.989
0.874
0.992
1.293
0.991
1.158
1.065
0.982
0.903
1.179
1.041
0.792
0.989
1.126
1.218
0.999
1.053
1.021
1.111
1.281
0.938
0.991
0.920
0.888
1.344
1.441
-0.185
-0.142
-0.162
0.430
0.028
0.123
-0.354
0.153
0.154
-0.246
0.120
-0.133
-0.093
-0.035
-0.129
0.090
0.031
-0.074
0.188
0.143
0.035
0.126
-0.027
-0.059
0.334
0.162
-0.002
0.127
-0.023
0.127
-0.195
0.031
0.372
0.028
-0.373
-0.159
-0.087
-0.001
-0.160
0.076
0.192
-0.311
1.009
1.135
0.877
0.696
0.683
1.021
0.893
0.934
1.150
1.060
1.087
0.827
1.131
1.007
0.769
0.881
1.018
1.022
0.998
0.788
0.993
1.048
1.226
1.067
0.839
1.159
0.947
0.991
0.802
0.737
1.208
0.822
1.043
0.907
1.055
0.979
1.010
1.241
0.598
0.977
1.126
0.650
0.163
-0.059
0.003
-0.035
-0.054
-0.121
-0.135
-0.035
0.048
0.140
-0.027
-0.043
-0.227
0.358
0.880
1.128
0.901
0.886
1.220
0.993
0.952
0.980
0.943
0.893
0.804
0.983
1.029
0.963
1.021
0.977
0.824
0.900
1.194
0.657
1.096
0.898
1.278
0.825
0.989
0.916
0.975
0.856
0.882
0.945
0.773
1.101
0.925
1.211
0.889
0.884
1.194
1.114
1.176
0.637
1.122
1.082
0.074
-0.278
-0.137
-0.109
-0.024
0.235
-0.143
-0.161
-0.075
0.024
0.065
-0.191
0.011
0.219
1.037
1.055
0.730
0.868
1.037
0.959
0.934
1.237
1.142
1.060
0.799
1.098
0.954
1.249
0.149
-0.006
0.246
0.081
0.149
-0.262
0.279
0.097
0.113
-0.214
-0.094
-0.040
0.260
-0.163
-0.147
-0.033
0.313
-0.186
0.003
0.023
-0.004
0.293
-0.230
-0.197
-0.272
-0.001
0.185
0.036
-0.002
-0.089
0.017
0.297
0.130
0.127
-0.040
-0.084
0.022
-0.030
0.019
0.167
0.111
0.088
0.960
0.969
1.058
0.967
0.942
1.002
1.081
0.850
0.967
1.056
1.029
1.030
1.243
0.953
0.293
-0.320
0.036
-0.180
0.016
0.105
0.016
0.012
-0.241
0.466
0.208
0.188
-0.054
0.454
-0.206
-0.184
0.276
0.239
0.355
0.243
0.084
-0.049
-0.234
0.042
0.193
0.062
0.004
0.082
0.079
-0.023
0.222
0.211
0.098
-0.152
-0.064
-0.044
0.004
-0.007
0.020
0.175
-0.065
0.241
0.048
-0.025
0.018
0.097
-0.280
-0.031
0.028
-0.023
0.173
-0.131
0.101
0.189
-0.073
0.148
0.029
0.063
-0.051
0.164
-0.038
0.278
-0.021
-0.244
0.004
-0.060
0.097
-0.227
-0.101
0.221
-0.140
0.022
-0.044
-0.223
0.249
0.223
0.257
0.046
-0.223
-0.211
-0.070
0.008
0.100
-0.007
-0.053
-0.026
-0.040
0.010
0.019
-0.232
-0.050
-0.189
-0.066
0.031
0.218
0.226
0.240
-0.032
1.028
1.058
0.939
0.991
0.943
1.085
0.775
0.928
1.242
1.048
1.055
1.051
1.080
1.029
-0.178
0.117
-0.036
-0.103
0.273
-0.203
0.095
0.218
-0.283
0.220
0.017
0.196
-0.019
0.037
0.876
0.587
1.288
1.038
1.026
0.768
1.241
0.760
0.957
0.903
1.229
0.770
1.214
0.980
-0.144
0.195
-0.153
-0.061
-0.081
0.089
-0.246
0.075
-0.010
0.220
0.129
-0.081
0.105
0.291
-0.174
0.251
-0.277
-0.002
-0.087
-0.128
0.146
-0.021
-0.068
0.060
-0.240
-0.118
-0.197
-0.326
-0.109
0.313
-0.028
-0.109
0.187
0.131
-0.023
0.200
0.102
-0.024
-0.216
0.206
0.027
-0.057
1.305
0.942
0.938
0.923
0.803
0.936
0.908
0.990
0.952
0.804
0.918
1.208
1.081
0.984
-0.183
0.054
0.070
-0.232
-0.059
0.114
-0.036
-0.040
0.300
-0.144
0.027
-0.153
-0.109
0.136
1.345
0.991
1.025
1.026
0.887
1.131
0.949
0.962
0.935
1.136
0.808
0.856
1.058
0.979
-0.022
-0.155
-0.023
-0.032
-0.197
0.121
-0.216
-0.024
0.102
-0.234
0.381
-0.042
0.104
-0.147
1.120
0.956
1.238
0.778
0.924
1.080
1.097
0.841
0.806
0.946
0.831
1.072
0.994
1.004
-0.014
0.200
0.026
0.082
0.018
-0.133
0.204
-0.003
0.228
-0.201
-0.084
-0.143
-0.018
0.071
0.058
0.146
0.219
0.110
-0.249
-0.073
0.022
-0.158
0.273
-0.078
0.014
-0.282
0.092
0.011
0.136
-0.237
0.360
0.161
-0.042
-0.230
-0.088
-0.202
-0.149
0.118
0.117
-0.099
-0.072
0.113
1.033
0.896
1.053
0.956
0.920
0.828
1.121
1.208
1.032
1.012
0.758
1.352
1.115
0.879
1.021
0.816
1.023
0.606
0.708
1.116
1.086
1.250
1.049
1.082
1.263
1.053
1.029
0.916
0.626
1.357
0.879
1.084
1.031
1.242
1.160
1.110
0.978
0.996
0.948
0.979
0.939
1.034
-0.079
-0.100
0.001
0.216
-0.072
0.014
-0.042
0.135
-0.176
0.244
-0.233
0.001
0.362
-0.271
0.858
0.799
0.872
1.049
0.998
1.166
1.208
1.120
0.827
0.888
0.997
1.054
1.028
1.051
0.166
0.243
-0.010
-0.252
0.036
-0.075
-0.054
-0.132
-0.091
-0.035
-0.148
0.289
0.070
0.242
0.245
-0.042
-0.091
0.114
0.103
0.053
0.222
0.105
-0.143
-0.052
0.127
-0.132
-0.133
0.250
0.065
-0.174
0.205
-0.056
0.069
0.077
0.107
0.095
0.029
0.110
0.131
0.145
-0.029
0.192
1.094
1.355
1.114
1.099
1.061
0.808
0.958
0.799
1.338
1.334
0.874
1.102
1.091
1.228
0.900
1.151
1.153
1.139
0.863
1.050
0.822
0.822
1.118
1.118
0.988
1.089
0.896
0.980
1.151
0.893
1.188
0.990
1.230
1.192
0.819
0.723
1.134
0.802
0.975
0.836
1.052
0.966
-0.180
-0.122
-0.094
0.244
0.189
-0.160
-0.083
-0.036
-0.041
-0.153
-0.116
0.306
0.152
0.020
-0.156
0.169
-0.107
-0.014
0.181
-0.039
0.172
-0.112
-0.245
-0.003
-0.298
0.047
-0.178
0.528
0.087
0.051
0.029
-0.281
0.099
0.057
0.151
0.082
-0.246
-0.275
0.069
0.015
0.105
-0.068
-0.221
-0.131
0.060
-0.204
-0.190
-0.194
-0.307
-0.154
-0.122
0.207
0.017
-0.061
-0.281
0.185
0.062
-0.231
-0.105
-0.053
-0.030
0.280
0.004
-0.069
-0.011
-0.169
0.096
0.022
-0.277
-0.084
0.041
-0.294
-0.001
0.121
-0.034
-0.274
-0.365
-0.236
0.131
0.155
0.022
-0.013
0.285
0.119
-0.098
-0.062
-0.007
0.072
-0.153
0.093
0.084
0.216
-0.301
-0.207
-0.060
0.054
0.143
-0.028
1.036
1.064
0.951
1.034
0.997
0.990
1.082
0.999
1.008
0.966
0.852
0.997
0.916
0.908
0.234
0.244
0.056
0.195
0.143
-0.267
0.360
0.302
0.089
0.010
-0.127
-0.130
-0.090
-0.110
1.095
1.043
1.083
0.989
0.845
1.093
1.172
0.859
0.941
1.142
1.242
1.019
0.825
0.959
-0.282
0.008
0.043
0.134
-0.214
0.049
-0.167
0.163
-0.078
-0.157
-0.014
-0.074
0.031
0.171
1.196
1.158
0.933
0.905
0.901
0.838
0.898
0.878
0.977
1.245
0.866
1.006
1.079
0.968
-0.009
-0.155
-0.090
-0.011
0.106
0.055
0.150
-0.082
-0.036
-0.290
-0.039
-0.213
0.009
-0.142
1.219
1.074
0.879
1.429
0.748
1.046
0.975
1.089
0.612
1.121
0.868
0.761
1.037
0.925
-0.188
-0.110
0.047
0.038
0.162
-0.109
0.192
0.063
0.277
-0.014
0.124
0.093
0.037
0.014
-0.022
0.177
-0.187
0.068
-0.219
-0.103
-0.192
-0.408
0.105
-0.034
0.104
0.058
-0.180
-0.003
0.335
0.344
-0.130
-0.012
0.051
0.149
-0.109
0.013
0.151
-0.231
0.040
-0.345
0.120
0.018
0.985
0.996
0.838
1.195
1.175
1.221
0.836
1.001
0.889
0.862
1.060
1.053
1.126
0.891
1.360
0.979
0.830
0.962
0.943
0.867
1.173
0.839
1.086
0.951
0.728
1.132
0.934
0.982
0.899
0.762
1.040
1.368
0.937
0.787
1.295
1.064
0.905
1.109
1.057
0.957
1.079
0.962
0.030
0.258
-0.170
-0.211
-0.108
-0.085
0.143
0.180
-0.292
0.062
-0.109
-0.126
0.014
-0.388
1.167
1.032
1.032
1.031
1.016
0.892
1.280
0.857
0.870
1.086
1.008
1.005
1.271
1.094
1.176
1.125
1.017
1.080
0.928
0.957
0.895
1.106
1.153
1.179
1.389
0.930
1.015
1.311
1.210
0.988
0.988
0.940
0.931
1.159
0.894
1.054
1.006
1.027
0.948
1.020
1.087
0.920
0.115
-0.087
0.161
-0.297
0.146
0.044
-0.072
-0.016
-0.002
0.311
0.023
-0.061
0.061
-0.019
1.033
1.002
0.857
0.856
1.105
1.166
0.769
1.122
1.137
1.282
0.853
0.840
0.770
0.812
0.911
0.782
0.957
0.914
0.958
0.973
1.150
1.020
1.041
1.027
1.131
0.855
0.780
0.971
0.796
0.985
0.981
1.108
1.185
0.845
1.011
1.254
1.071
1.311
0.943
0.836
1.097
1.017
-0.101
-0.261
0.020
0.097
-0.269
-0.173
0.022
-0.132
-0.069
-0.102
0.057
0.121
-0.059
0.154
0.130
-0.123
0.091
-0.023
-0.121
0.130
-0.312
-0.201
-0.374
0.095
-0.314
-0.194
-0.187
0.108
0.082
-0.139
0.013
-0.072
0.338
-0.092
0.313
0.078
-0.001
0.191
0.121
0.076
-0.029
0.107
0.838
1.020
0.822
1.158
0.896
1.124
0.767
0.969
1.186
1.131
1.008
1.083
1.231
0.745
-0.290
-0.134
0.098
0.153
-0.166
0.101
-0.029
-0.167
-0.031
0.045
-0.167
-0.114
0.103
-0.174
1.162
1.064
0.928
0.950
1.214
0.863
1.075
0.833
0.778
1.094
0.897
0.750
0.534
1.115
0.923
1.085
1.186
0.971
0.847
0.953
0.782
0.913
0.918
0.715
0.707
1.038
1.378
0.697
0.950
0.723
0.942
0.894
1.056
0.788
1.043
0.893
0.913
0.877
1.181
1.028
0.975
1.136
-0.014
0.173
-0.079
-0.225
0.028
-0.150
-0.153
-0.018
-0.065
0.076
-0.117
0.118
0.258
0.175
0.728
1.022
1.102
1.080
1.222
0.752
0.993
0.936
0.820
1.086
0.879
0.998
0.866
1.214
0.952
0.836
0.974
1.092
0.930
0.970
0.729
1.089
0.920
0.831
1.113
0.946
1.136
1.223
0.980
0.689
0.860
1.234
1.049
1.127
0.964
0.903
1.159
1.021
1.060
1.093
0.877
0.956
-0.052
0.115
-0.078
-0.142
0.047
-0.265
0.141
-0.129
-0.086
0.356
-0.087
0.042
-0.168
-0.009
0.087
-0.320
0.150
-0.134
-0.140
0.168
-0.135
-0.217
-0.090
-0.249
-0.263
0.101
0.190
-0.040
-0.128
0.188
0.013
0.029
0.038
-0.001
-0.234
0.110
0.110
-0.180
-0.049
-0.108
0.002
0.037
-0.066
0.167
0.381
0.076
0.159
0.060
0.111
-0.248
-0.131
0.412
0.086
-0.088
0.149
0.258
0.183
0.162
0.012
-0.117
0.027
-0.097
0.058
0.293
0.276
-0.040
-0.199
-0.022
-0.258
-0.055
0.058
0.151
-0.213
-0.037
-0.142
-0.153
-0.236
-0.134
-0.047
-0.041
0.062
-0.146
0.189
-0.103
0.061
-0.113
-0.041
0.297
-0.189
-0.113
-0.039
-0.066
-0.230
0.085
0.054
0.195
-0.177
-0.182
1.109
0.898
1.134
1.001
0.640
1.117
1.389
0.783
0.986
1.212
0.972
1.079
0.916
1.072
1.034
1.019
1.428
0.792
0.828
1.081
0.933
1.074
0.862
1.016
1.012
0.873
0.995
0.857
1.156
1.018
0.773
0.950
1.188
0.852
1.135
0.918
0.871
1.004
0.961
0.872
1.240
1.065
0.286
-0.123
-0.380
0.180
0.191
-0.202
-0.117
0.038
0.169
0.109
-0.067
0.124
0.142
-0.062
0.839
0.902
1.256
0.981
1.060
1.159
0.788
0.758
1.279
0.909
0.834
0.904
1.099
0.988
1.074
1.132
1.071
0.907
0.915
1.300
0.817
0.881
1.165
0.955
0.854
0.843
0.785
1.222
1.055
1.117
0.928
0.934
1.315
1.266
1.020
1.270
0.899
1.011
0.772
0.994
1.183
0.926
0.009
0.101
-0.026
0.255
0.216
-0.047
-0.177
0.026
-0.058
-0.069
-0.113
0.046
0.127
0.239
0.909
0.966
0.825
1.026
0.900
1.106
0.905
1.076
0.654
1.249
0.890
0.848
1.142
1.284
0.974
0.957
1.178
1.023
1.053
1.379
0.905
1.162
0.809
0.819
1.019
0.798
0.823
0.809
0.996
0.884
1.274
0.889
0.988
1.220
1.126
0.916
0.851
0.969
0.805
1.190
1.187
1.085
-0.073
-0.043
-0.037
-0.285
0.067
-0.090
0.089
-0.024
-0.053
0.091
0.164
-0.145
0.208
0.058
-0.287
-0.140
0.006
-0.042
-0.080
0.057
-0.030
0.072
0.104
-0.014
0.150
-0.200
0.070
0.197
0.214
0.086
-0.280
0.110
0.026
-0.408
0.004
0.121
0.015
-0.002
-0.033
0.136
0.282
-0.276
0.837
1.080
1.014
1.013
0.885
0.767
1.063
1.067
0.976
0.929
0.760
0.753
0.916
1.081
-0.223
-0.070
-0.219
-0.002
0.105
-0.205
0.029
-0.020
0.080
-0.014
-0.081
0.042
-0.066
0.452
1.040
1.061
1.116
1.048
1.119
1.110
1.027
0.934
1.080
0.832
1.073
0.827
0.600
0.898
0.989
1.100
0.658
0.966
1.177
1.116
0.957
1.117
1.109
0.862
1.073
0.746
1.191
0.836
1.085
0.931
0.911
0.910
1.062
0.879
1.011
0.852
1.002
0.939
0.901
0.922
0.954
1.093
0.044
-0.174
-0.189
0.147
0.145
-0.047
-0.052
-0.071
0.081
0.029
0.006
0.116
-0.018
-0.001
1.230
1.318
1.112
0.969
1.042
0.903
0.926
0.839
0.837
1.016
0.809
1.053
1.056
1.097
-0.162
-0.073
0.106
0.044
0.141
-0.050
0.026
-0.144
0.099
0.053
-0.049
0.107
0.212
0.194
1.158
1.061
0.610
0.933
0.856
1.077
0.791
0.644
1.008
0.918
1.055
1.213
1.096
0.936
0.081
0.091
-0.056
0.183
-0.003
0.210
0.188
-0.034
0.176
-0.221
-0.145
-0.155
-0.117
-0.181
-0.102
0.211
-0.194
-0.187
-0.148
-0.068
0.118
0.159
-0.038
0.050
0.169
0.056
0.040
0.003
0.270
-0.099
0.091
0.069
0.062
0.079
0.091
0.039
0.021
-0.276
-0.091
0.081
-0.066
-0.078
1.247
0.865
0.911
1.032
1.118
0.755
0.952
1.006
1.045
1.404
1.027
0.847
0.911
1.032
1.131
0.901
1.174
1.040
0.937
1.067
0.929
1.063
1.063
0.672
1.069
0.745
1.077
1.057
1.052
0.808
0.979
0.831
0.853
0.811
0.630
1.076
1.217
0.954
1.025
1.197
1.161
1.089
-0.130
-0.044
-0.151
-0.365
0.019
0.060
0.229
0.032
0.293
-0.038
-0.005
-0.158
-0.166
0.139
1.158
1.141
0.982
1.162
1.023
1.120
1.206
1.023
0.660
0.834
0.810
1.027
1.030
1.111
-0.153
0.163
-0.044
-0.082
-0.192
0.159
0.017
-0.089
-0.192
-0.004
-0.057
0.079
0.162
-0.302
1.153
1.029
0.768
1.029
0.950
0.643
1.074
0.945
0.911
1.074
0.606
0.957
0.856
1.272
0.126
0.194
-0.121
-0.334
-0.372
0.237
0.037
0.072
-0.053
0.145
0.008
0.243
-0.034
0.071
0.114
0.016
-0.109
-0.083
-0.030
-0.041
-0.068
-0.082
0.359
0.326
0.030
-0.016
-0.189
0.214
0.070
0.153
0.303
-0.383
0.053
-0.116
-0.168
0.008
-0.065
0.092
0.023
0.030
-0.088
0.198
-0.022
0.187
-0.008
0.246
-0.080
-0.261
0.102
-0.025
-0.066
0.075
0.114
0.046
-0.230
0.006
-0.254
-0.007
0.651
0.075
-0.084
0.145
-0.290
0.021
0.170
0.114
-0.153
-0.172
-0.147
0.097
0.016
-0.161
0.146
-0.054
-0.184
0.108
-0.324
0.027
-0.190
0.042
0.256
-0.044
-0.109
0.186
-0.185
0.241
0.079
-0.204
0.122
-0.062
-0.197
-0.152
-0.220
0.047
-0.099
-0.142
-0.065
0.039
1.179
0.976
0.673
0.944
0.908
1.087
1.024
1.012
0.955
1.215
1.099
1.048
1.188
0.981
1.052
1.050
0.903
0.913
1.005
0.997
0.849
1.196
1.214
1.116
1.120
0.958
0.988
1.113
1.035
1.092
0.978
1.099
0.955
1.035
0.890
1.059
1.289
1.024
1.463
0.920
1.053
0.821
0.134
-0.144
-0.048
-0.064
0.063
-0.217
-0.066
-0.025
-0.187
-0.005
0.037
0.350
0.073
0.009
0.691
0.927
1.113
1.123
1.232
0.856
1.184
1.057
0.924
0.735
1.107
1.124
0.958
0.949
0.048
-0.124
-0.138
-0.074
-0.100
0.162
0.053
0.111
-0.270
-0.150
-0.090
-0.014
0.124
-0.143
1.086
1.119
0.704
0.935
0.810
0.794
0.791
0.928
1.105
0.817
0.996
1.200
1.413
1.296
1.094
0.838
0.823
1.058
1.324
1.079
1.170
0.740
0.990
1.081
0.843
1.014
1.078
1.157
1.158
0.881
1.052
0.927
0.937
0.900
1.071
1.094
0.914
0.987
0.906
1.113
0.959
1.084
-0.071
0.007
0.109
0.154
-0.361
-0.188
-0.220
-0.235
-0.358
-0.383
0.071
-0.236
0.093
0.027
0.767
0.996
0.740
0.479
0.793
0.963
0.758
1.056
0.921
0.966
1.024
0.857
1.163
1.085
0.849
1.051
0.715
1.161
0.853
1.076
0.789
1.023
1.019
1.012
0.885
1.199
0.949
0.987
0.948
1.045
0.999
0.847
0.936
1.022
1.102
1.098
1.163
1.112
1.165
0.841
1.036
0.970
-0.095
-0.041
0.105
0.199
0.053
0.156
-0.064
0.039
0.221
-0.151
-0.053
-0.146
-0.011
0.024
0.140
0.074
0.105
0.110
0.103
-0.204
-0.356
-0.132
0.069
0.251
0.105
0.035
-0.290
-0.144
0.176
0.070
-0.047
0.031
0.200
0.014
-0.129
-0.048
0.077
0.137
0.121
-0.108
0.012
0.220
1.138
0.852
1.137
0.930
1.160
1.136
1.103
1.161
1.020
1.043
0.677
1.014
1.060
1.036
0.988
1.079
1.031
1.019
1.100
0.914
0.953
1.083
1.197
1.311
1.157
1.173
0.599
0.961
1.194
0.901
0.727
0.616
1.015
1.011
1.156
1.186
0.922
1.116
1.034
0.939
1.277
1.024
-0.150
0.025
0.063
0.060
-0.053
-0.005
0.104
0.116
-0.070
0.041
-0.180
-0.022
-0.001
-0.016
0.779
0.731
0.889
1.212
0.878
0.707
0.878
1.079
0.921
0.701
0.888
1.176
0.797
0.826
0.760
1.041
1.183
0.807
1.020
0.949
0.987
1.092
0.847
0.894
1.231
1.065
0.848
1.154
1.130
0.960
1.009
1.036
1.035
1.006
1.021
0.943
0.702
1.246
1.079
0.744
0.928
0.827
0.051
0.042
-0.079
0.226
0.100
0.059
-0.088
0.131
0.003
0.112
0.189
-0.038
-0.066
-0.010
1.056
1.136
0.750
1.111
0.877
1.088
1.104
1.198
0.930
0.932
0.835
1.149
1.148
1.036
0.942
0.889
0.994
0.796
1.045
0.791
0.896
0.825
1.068
1.232
0.948
1.179
1.005
0.656
1.056
0.835
0.957
0.996
0.963
0.971
1.011
1.026
0.927
1.149
1.097
0.857
0.869
1.005
0.008
0.176
0.177
-0.148
0.305
-0.219
0.239
-0.030
0.071
-0.088
-0.232
-0.069
0.072
-0.143
0.111
0.273
-0.039
-0.111
-0.065
0.139
0.193
-0.211
-0.045
0.084
0.181
-0.044
-0.042
0.064
0.039
0.104
-0.078
0.130
0.118
0.050
-0.086
0.140
-0.050
-0.041
0.114
-0.123
0.047
-0.103
0.891
1.036
1.088
1.035
1.275
0.937
0.918
0.787
1.207
1.016
0.977
0.968
0.636
1.285
-0.192
-0.069
0.071
-0.186
0.113
-0.197
-0.011
0.238
-0.019
0.149
-0.109
0.035
0.206
0.196
0.735
0.904
1.057
0.922
0.776
1.263
0.489
0.937
0.871
1.225
1.076
0.773
0.998
1.345
0.059
0.100
-0.130
0.014
0.018
0.061
-0.028
0.007
-0.039
-0.438
0.003
-0.203
0.315
0.219
0.911
0.905
0.965
1.102
0.947
0.950
0.833
0.878
1.019
1.004
1.024
0.914
1.155
1.028
1.117
1.182
0.952
1.198
0.852
1.155
1.080
1.075
1.090
1.180
0.871
0.904
1.019
0.838
0.703
1.086
0.966
0.801
0.981
1.002
1.172
0.830
0.984
1.139
0.831
1.054
1.099
0.941
-0.047
0.420
-0.130
-0.036
-0.191
0.041
-0.036
-0.083
-0.243
-0.023
0.110
0.157
0.274
0.022
-0.132
-0.006
0.002
-0.164
-0.015
-0.029
0.203
-0.179
-0.061
-0.121
0.035
-0.052
-0.073
0.101
-0.012
0.164
-0.134
-0.245
-0.096
-0.183
-0.079
-0.186
0.031
-0.069
0.183
-0.021
-0.064
-0.062
0.246
-0.052
-0.034
0.109
0.249
0.332
0.138
-0.050
0.017
0.156
0.048
-0.062
-0.055
0.200
-0.221
0.222
-0.054
-0.186
0.067
-0.225
0.236
-0.099
0.010
0.135
0.185
0.080
-0.045
-0.158
0.049
-0.053
-0.106
-0.160
0.049
0.044
-0.084
-0.113
-0.019
0.089
-0.134
0.078
-0.117
0.374
0.101
-0.009
-0.049
0.025
0.099
-0.140
0.320
0.262
-0.110
-0.031
-0.113
-0.053
0.110
-0.126
0.956
0.721
1.012
0.988
1.226
1.266
0.870
1.038
0.994
0.798
0.868
1.033
0.968
1.277
0.046
0.156
0.026
-0.057
0.048
0.100
0.077
-0.148
0.199
0.045
0.039
0.069
-0.045
-0.145
0.965
0.966
0.859
0.728
0.932
0.814
0.885
1.080
1.070
1.229
0.842
1.090
1.263
0.903
1.081
0.692
1.115
0.898
0.933
0.748
1.094
1.234
1.077
1.044
1.037
0.973
1.222
1.065
1.030
1.191
1.145
1.335
0.999
1.226
1.206
0.869
0.922
0.965
1.126
0.921
1.058
0.875
0.097
0.162
-0.096
-0.297
0.064
0.049
0.188
-0.199
-0.140
0.069
0.080
0.159
-0.047
-0.008
0.127
-0.022
0.019
-0.066
0.108
-0.280
0.111
0.004
0.320
0.090
0.304
0.095
-0.142
-0.012
-0.324
0.156
0.054
0.256
-0.212
-0.012
0.283
-0.218
0.186
0.097
-0.306
0.038
0.030
-0.151
1.072
0.884
0.977
1.013
0.993
1.242
0.996
0.828
1.037
0.944
0.931
0.978
0.966
0.883
-0.007
-0.187
-0.254
-0.013
0.030
-0.274
0.088
-0.123
-0.091
-0.016
-0.312
-0.277
-0.356
-0.044
1.164
0.787
1.189
0.906
0.849
1.005
1.127
1.294
1.176
0.960
1.117
1.081
1.065
1.019
0.874
1.034
0.996
1.291
0.907
0.926
1.028
0.754
1.109
1.023
1.239
0.937
0.996
0.876
1.317
0.932
1.021
0.901
0.907
1.025
1.087
1.027
0.921
1.547
1.009
0.939
1.119
1.013
0.123
0.014
-0.256
0.268
0.140
0.227
0.109
-0.148
0.110
0.248
0.118
0.128
-0.325
-0.136
1.017
1.274
1.201
0.787
1.183
0.900
1.100
0.802
0.888
1.069
0.986
1.140
0.832
1.132
0.017
0.103
0.063
0.111
0.018
-0.056
0.156
0.005
-0.078
0.059
-0.006
-0.404
0.077
0.111
0.239
0.156
0.256
-0.117
-0.052
-0.178
-0.049
-0.004
0.237
0.252
0.163
-0.128
-0.031
0.105
0.107
-0.016
-0.200
0.047
0.170
-0.021
0.103
0.321
0.231
-0.097
0.205
-0.122
-0.306
0.062
0.985
0.996
1.179
0.820
1.047
0.940
1.131
0.956
0.589
1.085
1.078
1.007
1.283
1.212
-0.043
0.056
0.101
-0.040
-0.054
0.101
0.068
0.114
-0.202
0.274
-0.024
-0.036
-0.044
-0.119
-0.135
-0.024
0.040
0.061
-0.373
0.191
-0.097
0.058
-0.024
0.045
-0.048
0.212
-0.063
-0.006
0.027
0.294
-0.104
0.032
0.045
-0.123
0.115
0.255
0.096
0.126
0.013
0.105
0.341
-0.037
-0.263
-0.223
0.049
0.181
0.196
0.188
0.252
0.030
-0.001
0.265
-0.081
0.028
0.144
0.028
0.243
-0.044
0.150
0.211
-0.019
0.004
-0.153
-0.061
0.219
-0.168
-0.242
-0.089
0.074
-0.276
0.171
0.263
0.122
0.013
-0.139
0.037
0.445
0.031
0.170
0.003
0.198
0.109
0.005
0.020
-0.332
0.115
-0.087
0.078
-0.097
0.087
0.012
0.235
0.054
0.049
0.135
0.043
0.089
0.002
1.055
1.035
0.895
1.208
0.899
1.137
0.741
0.996
0.737
1.114
1.196
1.110
1.105
0.627
0.886
1.271
1.179
0.922
0.784
0.827
0.860
0.944
1.048
1.031
1.096
0.841
0.869
0.655
1.051
1.119
0.923
1.056
1.199
1.099
1.234
0.693
1.044
0.945
0.972
1.073
0.932
1.030
-0.002
0.156
0.074
0.158
0.187
0.111
-0.121
0.054
-0.148
0.051
-0.186
-0.186
0.130
0.013
0.854
1.014
1.003
1.061
1.001
0.959
0.875
0.976
1.093
0.920
1.069
0.972
1.267
1.192
0.122
0.082
-0.318
0.159
0.259
-0.049
0.203
0.094
-0.124
0.103
0.168
0.035
0.052
0.088
1.139
0.882
1.324
0.945
1.106
0.704
1.012
0.949
1.122
1.057
1.149
0.839
0.962
0.903
0.197
-0.037
0.288
-0.055
-0.113
0.005
0.241
-0.108
0.212
-0.045
-0.198
0.243
0.231
0.010
0.682
0.997
1.028
0.984
1.114
0.941
0.984
0.799
1.053
1.026
1.015
0.629
1.403
0.893
0.393
0.111
0.044
-0.071
-0.117
0.046
-0.031
0.152
0.019
0.141
-0.026
0.318
0.111
-0.064
0.070
0.032
-0.140
0.022
-0.179
0.325
0.244
-0.013
0.038
-0.092
0.431
0.039
0.031
-0.023
0.250
-0.138
-0.099
0.039
0.321
0.263
0.106
0.082
-0.189
-0.278
0.172
0.039
0.274
0.026
0.930
0.964
1.070
0.840
1.021
1.045
1.090
0.897
1.090
1.358
1.024
0.879
1.271
1.075
0.264
0.135
0.122
-0.215
-0.081
0.080
0.196
0.049
0.049
-0.020
0.033
0.007
0.143
0.049
1.138
1.076
0.898
1.153
1.123
1.447
0.960
1.108
1.045
1.120
0.921
1.092
0.905
0.921
-0.143
0.191
0.051
-0.192
0.203
-0.055
-0.043
-0.317
-0.086
-0.260
0.070
0.397
0.036
-0.309
0.843
0.965
0.819
0.971
1.026
1.005
1.055
0.845
1.135
1.088
0.886
0.956
0.839
1.000
1.048
1.152
0.924
1.049
1.028
0.936
1.032
1.125
0.917
0.976
0.999
1.206
1.083
0.860
1.019
1.094
0.817
1.157
1.018
1.014
1.065
1.080
1.005
1.049
0.862
1.152
1.050
0.871
0.080
0.039
0.087
-0.235
-0.100
-0.266
0.044
0.165
-0.071
0.159
0.265
0.240
0.119
0.026
0.118
0.118
-0.325
0.096
-0.039
-0.262
-0.058
-0.054
0.390
0.070
0.105
-0.061
0.180
-0.010
-0.097
-0.221
0.139
-0.094
-0.030
-0.075
-0.125
0.050
0.084
0.103
-0.075
0.019
0.087
0.020
1.056
0.954
0.938
0.903
1.115
0.812
0.898
1.001
0.874
0.726
1.155
0.897
1.237
1.219
1.183
0.881
1.090
1.117
1.192
0.780
0.868
1.058
1.215
1.127
0.942
1.003
0.734
0.838
1.086
1.096
1.091
0.824
1.105
0.898
0.866
1.062
0.744
0.633
1.097
0.975
1.105
0.903
-0.199
0.064
0.015
0.070
-0.136
0.060
-0.081
-0.128
-0.087
0.099
0.050
0.202
0.052
-0.025
0.068
0.042
0.156
0.087
0.011
0.153
-0.085
0.020
-0.149
0.100
-0.041
0.206
0.185
-0.306
-0.150
-0.254
0.060
0.003
0.221
0.070
-0.167
0.200
0.063
-0.103
0.093
-0.135
0.061
-0.139
0.441
0.059
0.139
-0.041
0.133
-0.131
-0.063
0.204
-0.270
0.173
-0.036
-0.076
-0.153
0.026
0.091
0.162
-0.156
0.175
0.094
0.158
-0.176
-0.211
-0.008
0.007
0.066
-0.012
-0.077
0.193
-0.181
-0.130
0.130
0.029
-0.191
0.013
-0.048
-0.197
0.066
0.028
0.081
0.110
-0.111
-0.054
-0.239
-0.037
0.154
-0.074
-0.014
0.145
-0.346
-0.040
-0.104
0.030
-0.135
-0.027
0.003
0.052
0.892
0.973
1.039
1.098
0.807
1.153
1.094
0.819
0.882
1.119
1.092
1.014
1.024
1.237
0.076
0.042
0.213
0.160
-0.031
0.136
-0.092
-0.300
0.227
-0.300
-0.099
0.067
0.152
-0.097
0.841
1.084
1.233
0.849
0.946
1.058
1.024
0.669
1.133
0.972
0.863
0.763
1.000
0.880
-0.249
0.027
-0.145
-0.132
0.150
0.170
0.150
-0.092
-0.071
0.243
-0.119
0.312
-0.000
-0.148
0.945
0.902
1.341
0.886
0.814
0.801
1.050
1.034
0.522
0.919
1.180
0.808
0.910
0.998
0.268
0.112
0.001
-0.215
-0.183
0.221
-0.040
0.046
-0.042
0.192
0.096
0.056
-0.086
-0.142
0.812
0.948
1.247
1.193
0.902
1.201
0.981
0.890
1.111
1.118
0.884
0.961
1.057
1.219
0.099
-0.164
0.080
0.101
-0.227
0.007
0.231
-0.087
0.100
0.153
0.166
-0.102
0.132
-0.324
0.004
-0.113
0.143
-0.228
-0.108
0.108
0.168
0.182
-0.086
0.307
-0.211
0.179
-0.081
-0.024
0.073
-0.073
0.286
-0.057
0.038
0.022
0.013
0.052
-0.043
-0.004
-0.075
0.137
-0.241
0.245
0.886
0.961
1.061
1.169
0.980
1.260
0.775
0.825
0.952
0.987
1.129
0.959
1.062
0.990
1.086
1.072
1.267
0.985
0.883
0.830
1.022
1.143
1.182
0.912
1.231
1.077
0.939
1.119
1.040
1.138
1.214
1.069
0.921
1.056
1.054
1.004
0.897
1.151
0.961
0.875
0.815
0.997
0.069
0.128
0.242
-0.275
-0.062
0.009
-0.149
0.160
-0.161
0.070
0.087
0.041
0.184
-0.216
1.030
1.221
1.021
0.897
1.022
0.959
1.113
0.894
1.021
0.849
0.877
1.037
0.880
1.177
1.020
0.754
0.955
1.082
1.239
0.916
1.023
1.199
1.251
1.053
0.874
1.208
0.801
1.083
0.983
1.118
0.852
0.793
1.037
1.058
1.282
0.981
1.214
0.949
1.278
0.832
1.269
1.121
0.337
-0.192
0.105
0.320
0.060
-0.248
0.375
0.237
0.076
0.103
-0.229
0.227
0.035
0.178
1.194
0.768
0.873
0.974
0.900
1.184
0.727
1.178
0.958
1.046
0.730
1.115
0.806
1.202
0.940
1.215
1.268
1.115
0.949
1.133
1.031
1.063
0.579
0.970
0.759
1.019
0.983
0.936
1.131
0.876
1.077
0.779
0.943
0.937
1.046
1.006
1.042
0.749
1.035
0.996
0.881
0.774
-0.189
-0.165
-0.163
0.050
-0.110
0.068
0.236
-0.146
-0.152
0.189
0.194
0.194
-0.075
-0.038
-0.075
-0.215
0.023
-0.071
-0.299
-0.156
0.086
-0.033
0.130
0.083
0.159
-0.012
-0.105
0.138
0.113
-0.007
-0.146
0.365
0.200
0.146
-0.194
-0.208
0.074
0.191
-0.115
0.224
-0.072
-0.067
1.099
0.934
1.151
1.106
0.842
0.988
1.120
0.910
0.793
1.019
1.166
0.923
0.786
1.408
-0.182
-0.010
-0.037
-0.198
0.129
0.103
-0.177
0.040
0.106
-0.157
0.179
-0.149
-0.183
-0.011
1.172
0.971
1.154
0.691
0.831
1.099
0.707
0.914
1.007
1.483
1.117
0.844
1.105
0.978
0.684
1.177
1.076
1.222
0.846
0.974
1.039
0.882
0.958
1.092
0.897
1.017
0.855
0.766
1.068
1.134
0.987
1.026
0.869
1.049
0.918
0.879
1.126
1.079
1.151
1.006
1.065
1.027
-0.093
-0.057
0.056
-0.051
0.047
0.049
-0.256
0.077
0.013
-0.151
-0.098
-0.062
0.324
0.047
0.950
1.113
1.141
0.919
1.350
1.041
0.948
1.259
0.796
0.876
1.032
1.301
0.698
0.776
0.920
0.858
0.864
0.765
1.021
0.943
0.982
0.886
1.237
1.030
1.140
0.942
1.164
1.295
0.994
1.006
0.903
1.115
0.981
1.109
0.884
0.998
0.974
0.729
1.140
1.491
1.207
0.980
-0.058
0.040
0.137
0.359
0.016
-0.051
-0.288
-0.261
0.212
-0.059
0.205
-0.314
0.146
-0.152
-0.325
0.054
-0.342
0.012
-0.138
-0.230
0.094
-0.153
-0.007
-0.095
-0.093
0.038
0.036
0.021
0.045
0.110
-0.021
-0.032
-0.072
-0.161
-0.333
0.297
0.183
0.087
-0.103
0.204
-0.211
-0.053
0.168
0.136
0.076
-0.051
0.015
-0.075
-0.104
-0.051
0.015
0.089
0.192
-0.062
0.025
-0.221
-0.234
0.119
-0.013
0.140
0.425
-0.217
-0.022
-0.129
0.063
-0.300
0.179
0.249
0.096
-0.225
-0.198
-0.099
-0.083
-0.085
0.028
-0.156
-0.270
0.095
0.135
0.209
0.058
-0.127
0.158
0.026
-0.181
-0.137
0.163
-0.225
0.108
-0.084
-0.548
0.132
-0.060
-0.053
-0.043
-0.056
0.078
-0.074
1.046
1.001
1.118
1.112
0.938
1.316
1.169
1.182
1.028
1.300
0.817
1.034
1.031
0.850
1.179
0.968
1.169
1.157
0.745
0.968
0.962
1.008
0.856
1.150
0.865
0.835
1.043
1.136
0.872
1.241
1.004
1.078
0.869
1.057
0.950
1.349
1.039
0.940
0.854
1.237
0.954
1.251
-0.042
-0.060
0.056
0.020
0.329
0.085
-0.268
0.186
0.125
-0.110
-0.129
-0.042
0.125
-0.002
1.159
1.237
0.927
0.938
1.022
0.808
1.236
1.201
1.140
1.016
1.072
0.880
1.394
0.845
1.066
0.800
1.011
0.830
1.092
0.959
0.920
1.029
1.095
1.049
0.823
0.661
1.056
1.058
1.063
1.109
1.325
0.971
1.062
1.036
0.792
1.115
0.815
1.076
1.027
0.879
1.191
1.228
0.126
0.086
0.106
0.028
0.189
-0.091
-0.054
0.062
-0.094
0.032
-0.002
-0.136
0.167
0.157
0.998
0.810
1.167
0.945
1.055
1.049
0.949
0.859
0.936
1.186
1.080
0.709
0.927
1.033
1.071
1.133
1.077
1.091
1.176
0.880
1.123
0.970
1.159
1.306
1.230
1.134
1.173
0.948
1.116
0.950
0.876
0.838
1.059
1.006
1.143
1.006
0.872
0.906
1.037
0.942
1.168
0.924
0.026
0.136
0.302
0.208
-0.276
-0.138
0.161
0.021
-0.021
0.137
0.065
-0.022
-0.163
-0.043
-0.241
0.048
-0.082
-0.079
-0.190
0.179
0.169
-0.252
0.035
0.124
0.088
0.163
-0.262
0.229
0.159
-0.073
-0.088
0.080
0.088
0.141
0.012
-0.005
0.005
0.016
0.082
-0.280
-0.366
0.277
0.854
1.184
1.115
0.799
0.920
1.060
0.901
1.178
0.903
1.122
1.069
1.141
1.293
0.979
-0.014
0.153
0.307
0.094
0.088
-0.089
-0.333
0.107
0.109
-0.185
-0.009
0.261
0.255
-0.066
1.038
0.991
1.071
0.834
1.262
1.325
1.194
0.787
1.020
1.002
0.618
1.055
1.104
1.219
0.941
1.075
1.257
1.093
1.011
0.864
1.058
1.162
0.965
0.987
1.304
1.003
1.080
0.879
0.941
0.960
0.953
1.188
1.030
1.159
1.049
1.138
0.983
1.074
0.889
0.914
1.016
1.451
-0.048
0.150
0.099
-0.155
-0.063
-0.025
-0.048
0.009
0.103
-0.121
0.105
-0.045
0.110
0.005
0.983
1.073
1.073
1.015
0.835
1.063
0.748
1.112
1.071
0.937
1.111
1.153
1.214
1.090
0.031
0.135
0.118
-0.068
-0.081
-0.105
0.068
-0.022
-0.032
-0.085
0.183
-0.111
-0.022
-0.410
1.172
0.924
1.080
1.250
0.881
1.110
1.099
1.165
0.965
0.902
1.052
1.104
0.761
1.023
-0.008
-0.063
0.105
0.075
-0.128
-0.149
0.095
0.161
0.273
0.118
0.163
0.074
0.030
-0.104
-0.022
-0.195
0.248
-0.248
0.143
-0.089
0.039
-0.109
0.047
0.264
-0.192
-0.080
0.257
-0.207
0.058
-0.047
-0.048
-0.043
0.234
0.126
0.119
-0.230
0.064
-0.249
-0.057
0.333
-0.001
0.129
1.038
0.729
1.041
1.265
0.964
0.894
1.117
0.993
1.084
1.049
0.998
0.901
1.270
0.846
0.792
0.950
1.156
1.075
0.947
1.119
0.929
1.020
0.896
0.970
1.189
1.253
0.929
1.108
1.365
1.167
0.867
0.816
1.004
0.673
0.976
0.864
0.939
0.960
0.797
1.116
0.835
0.883
0.273
-0.178
-0.072
-0.407
0.121
0.155
-0.247
-0.361
0.097
0.115
0.117
0.338
0.106
0.062
0.944
0.989
1.192
1.107
1.214
0.809
0.825
0.978
0.919
0.958
0.991
1.015
1.094
1.227
0.161
0.126
0.067
0.106
0.140
-0.308
-0.213
0.196
0.199
0.009
-0.296
-0.142
-0.411
0.043
0.930
1.248
0.883
0.931
1.094
0.671
1.029
0.693
1.043
1.018
0.708
0.907
0.877
1.182
-0.156
-0.014
0.121
-0.245
0.016
0.288
-0.028
-0.188
0.207
0.269
-0.230
0.094
-0.038
-0.003
-0.133
0.036
-0.056
0.062
0.203
0.015
0.323
0.092
0.042
-0.055
-0.295
-0.045
0.049
0.136
-0.077
-0.053
-0.225
0.176
-0.138
-0.199
0.028
-0.099
0.007
0.138
-0.160
0.067
-0.203
0.062
-0.126
0.144
-0.049
-0.005
-0.002
0.029
0.024
0.156
0.262
-0.070
0.156
0.093
-0.069
-0.008
0.059
0.192
0.161
-0.016
0.222
0.401
-0.068
-0.024
-0.086
0.029
0.084
-0.024
-0.103
-0.132
0.166
-0.135
-0.104
-0.164
-0.153
-0.052
0.083
0.036
-0.095
-0.076
-0.166
0.097
-0.019
0.022
-0.203
0.150
-0.103
-0.048
-0.221
-0.066
-0.076
-0.017
-0.010
0.058
0.114
0.085
0.015
0.093
1.119
1.168
1.028
0.871
1.163
1.196
0.895
1.158
0.849
1.096
0.858
0.937
0.982
0.823
0.914
1.125
0.816
1.101
0.843
0.994
0.966
1.210
1.043
1.006
0.935
0.902
0.949
0.984
1.135
0.526
1.330
0.898
1.046
1.152
0.857
1.123
0.914
0.854
1.008
1.041
0.952
1.025
0.104
0.023
-0.132
0.157
0.138
0.170
-0.064
0.101
0.093
-0.058
-0.038
-0.166
-0.193
-0.151
1.222
0.777
1.080
0.965
0.759
1.093
1.060
1.088
1.124
0.810
1.151
0.948
1.049
1.093
0.065
0.017
0.078
0.138
0.033
-0.009
0.078
0.208
-0.011
-0.121
0.015
0.004
-0.234
-0.001
0.825
1.300
1.076
0.960
0.857
1.009
1.030
0.825
1.120
1.063
1.145
0.900
0.974
1.065
0.768
0.839
1.106
1.089
0.955
1.159
1.134
1.097
1.223
1.008
0.988
1.025
1.045
1.028
0.951
1.087
1.079
0.780
0.941
1.148
1.283
0.948
0.919
0.849
0.911
0.859
0.977
1.124
-0.032
-0.033
-0.192
-0.004
-0.070
0.026
0.087
-0.009
-0.040
-0.138
0.061
0.303
-0.165
-0.041
0.877
1.045
0.991
1.312
0.829
0.960
1.031
0.950
0.960
1.102
1.120
1.076
0.948
1.033
0.979
1.069
0.980
1.045
0.822
0.807
0.953
0.758
1.107
1.317
1.050
0.820
1.021
0.867
0.896
1.070
0.972
1.079
0.965
1.152
1.000
0.947
1.009
0.891
0.993
1.091
0.784
0.947
0.202
0.195
-0.083
-0.252
0.048
0.052
-0.027
-0.178
0.118
0.287
-0.019
0.077
0.010
-0.339
-0.043
0.186
-0.199
0.053
0.021
0.035
-0.235
0.321
-0.040
0.093
0.086
-0.093
-0.113
-0.041
-0.092
0.081
0.146
0.073
-0.143
-0.040
-0.326
0.443
0.092
-0.008
-0.243
0.046
-0.108
0.176
0.904
0.729
1.126
0.735
0.972
0.796
1.042
1.081
1.034
0.760
1.152
0.861
0.862
0.916
1.010
0.861
0.832
0.986
0.571
0.976
0.814
0.812
0.915
1.136
0.828
0.850
1.048
0.989
0.905
1.107
0.887
0.751
0.865
0.937
0.846
0.998
1.123
1.082
1.045
1.260
1.044
0.718
0.016
0.094
-0.014
-0.009
0.076
0.018
0.327
-0.152
-0.222
0.087
0.018
-0.069
0.212
0.057
0.944
1.026
0.731
1.177
0.770
0.962
1.100
0.924
1.108
1.189
0.765
1.069
0.998
0.935
0.899
1.422
0.942
0.838
1.222
0.965
0.967
0.953
1.142
0.843
0.842
0.833
1.453
1.219
0.714
0.928
1.020
1.221
0.954
1.088
1.049
1.115
0.717
0.950
0.992
1.055
1.063
1.094
0.329
-0.052
0.065
0.038
0.084
-0.003
0.021
-0.010
0.025
-0.233
-0.150
0.008
-0.223
0.127
0.992
0.907
1.000
0.539
1.137
0.969
0.926
1.052
1.102
1.331
0.962
0.928
1.145
1.068
1.050
0.998
1.087
0.807
0.989
0.923
0.918
0.873
0.997
0.936
0.885
0.991
1.324
1.050
0.933
0.929
0.784
1.222
1.038
1.010
0.843
0.925
1.053
0.857
1.187
0.892
1.307
0.946
0.104
0.255
-0.059
-0.067
0.353
-0.156
0.111
-0.062
0.107
-0.189
0.118
0.090
0.057
-0.095
0.198
-0.013
-0.315
0.124
-0.157
0.176
-0.015
0.151
0.143
-0.185
-0.168
-0.116
0.049
0.142
-0.090
0.044
-0.170
0.077
-0.170
-0.030
0.186
0.068
0.112
0.134
0.097
0.258
0.076
0.041
1.126
1.039
1.205
0.912
1.090
0.897
1.122
1.032
1.302
0.852
0.815
0.984
0.998
1.015
0.200
0.202
0.035
-0.198
0.005
0.154
-0.186
0.045
0.022
-0.336
-0.034
-0.038
0.179
0.008
0.869
0.964
0.801
0.917
1.031
1.011
0.949
1.074
1.083
1.280
0.854
1.039
1.273
1.180
-0.046
-0.155
-0.100
0.295
0.047
0.147
0.178
0.085
-0.271
0.024
-0.022
0.052
0.127
-0.193
0.985
1.173
0.906
0.831
1.085
1.022
1.333
0.996
0.957
1.111
1.058
1.004
1.532
1.128
0.849
0.954
0.842
0.940
0.872
1.041
1.117
0.890
0.899
0.974
0.997
1.093
0.788
1.046
1.210
1.000
0.930
1.084
0.923
0.855
1.206
0.872
0.947
1.222
1.218
0.849
1.109
0.870
-0.153
0.056
0.161
0.297
0.049
0.210
0.168
0.129
-0.016
-0.274
0.261
-0.108
0.115
0.109
0.110
-0.161
-0.061
0.285
0.008
0.065
0.082
0.139
0.082
-0.212
0.174
-0.156
-0.029
0.034
0.003
-0.178
0.074
-0.076
-0.116
-0.269
0.165
0.092
0.027
0.246
0.162
-0.200
-0.089
0.076
0.123
0.086
0.071
0.023
0.084
-0.335
-0.004
-0.107
0.159
-0.026
-0.299
0.038
-0.212
0.111
-0.056
0.160
0.186
0.225
0.056
0.141
0.084
-0.145
-0.556
0.126
0.233
-0.072
-0.014
0.092
0.120
-0.018
-0.076
0.083
0.069
0.139
-0.017
0.115
0.054
-0.038
-0.086
0.284
-0.098
-0.072
-0.073
-0.235
-0.085
-0.227
0.080
-0.358
0.039
-0.051
-0.225
-0.117
-0.128
0.252
0.033
0.165
0.891
0.781
0.921
0.941
1.431
1.003
0.988
1.305
1.012
1.224
1.193
1.321
0.758
1.332
0.204
-0.043
-0.086
0.132
0.141
-0.022
0.078
0.093
-0.090
0.177
-0.099
0.092
-0.431
0.216
0.944
1.260
1.193
1.074
0.952
1.017
1.054
1.025
0.941
1.005
0.608
1.019
0.838
1.116
0.264
0.122
-0.228
-0.101
0.023
0.015
-0.052
-0.053
0.024
-0.121
0.361
0.066
-0.180
0.080
0.955
1.001
0.795
0.971
0.850
1.264
1.086
1.110
0.925
1.127
1.095
0.946
1.147
1.131
0.646
1.294
0.898
1.217
1.040
0.797
0.965
0.922
1.030
0.811
1.206
0.850
0.874
1.026
1.009
0.831
1.145
0.818
0.934
0.840
0.950
1.262
0.965
1.252
1.215
1.048
0.811
0.957
0.285
0.148
0.043
0.052
-0.216
-0.024
-0.246
-0.246
0.243
0.068
-0.305
0.050
0.025
0.033
0.935
1.151
0.988
0.840
0.918
1.171
1.277
0.946
1.063
1.118
1.012
0.876
1.124
1.061
0.079
0.069
0.051
-0.055
-0.171
0.016
0.099
-0.116
0.337
0.039
-0.062
0.071
0.225
0.110
0.057
0.226
-0.152
-0.137
-0.086
0.114
0.176
0.118
-0.020
0.025
-0.173
-0.425
0.326
0.066
-0.020
-0.051
0.074
0.001
0.100
-0.066
-0.115
0.169
0.322
-0.294
-0.041
-0.009
0.241
0.032
0.846
1.279
1.143
1.207
1.312
0.898
0.772
0.759
0.883
1.073
1.137
1.079
1.527
0.863
-0.007
0.030
0.076
0.131
-0.062
-0.276
-0.056
-0.043
-0.113
0.078
-0.095
-0.088
0.174
0.090
-0.107
-0.088
0.343
-0.088
-0.228
-0.055
0.197
0.098
0.301
0.055
-0.044
-0.055
-0.184
-0.024
-0.254
-0.219
-0.250
0.112
-0.101
0.215
-0.004
0.034
-0.151
-0.097
-0.184
-0.001
-0.082
0.058
0.935
1.039
0.901
1.198
0.986
1.106
0.915
1.184
0.820
0.739
1.191
1.278
1.111
0.999
0.155
-0.013
-0.014
-0.117
0.129
0.073
0.119
-0.005
0.229
0.229
-0.070
-0.183
0.122
0.030
-0.284
0.181
-0.037
-0.244
-0.073
-0.132
-0.117
0.025
0.015
-0.192
-0.308
0.133
-0.274
0.085
0.084
0.044
0.009
-0.216
0.141
-0.077
-0.029
-0.074
0.270
-0.255
-0.075
0.118
-0.062
0.091
1.128
0.835
1.150
0.910
1.201
0.965
1.138
1.236
0.966
1.134
0.992
1.047
1.058
0.798
0.102
0.028
-0.142
-0.270
0.049
-0.020
-0.293
0.094
0.025
-0.219
-0.124
0.072
0.039
-0.020
1.053
0.732
0.861
0.978
1.235
1.076
1.265
1.013
1.234
0.974
0.890
1.052
0.816
0.956
1.105
1.073
0.870
1.086
1.057
0.940
0.951
1.077
0.829
1.104
0.869
0.971
0.948
0.929
1.240
0.937
1.084
0.960
1.124
1.234
0.891
1.019
0.963
1.351
1.051
0.808
1.008
1.033
0.163
0.014
-0.100
-0.252
0.091
-0.025
-0.041
0.070
0.087
0.089
-0.200
0.083
0.072
-0.062
1.049
1.060
0.883
0.884
1.052
1.185
0.975
0.817
0.971
1.026
0.948
1.222
1.169
1.067
-0.019
-0.166
-0.075
-0.053
0.116
-0.139
-0.103
-0.035
-0.209
0.163
-0.064
0.030
-0.203
0.205
0.851
0.967
1.031
1.073
0.933
1.081
1.162
1.047
0.842
1.056
0.794
1.098
1.023
0.675
