1.001
1.000
0.981
1.016
1.013
1.011
1.000
0.976
0.987
1.031
0.983
0.950
1.034
0.993
0.946
0.993
0.996
0.997
1.023
0.976
0.981
1.008
1.035
0.993
0.971
0.996
1.006
1.027
0.976
0.969
1.011
0.980
0.980
0.963
1.005
0.996
1.040
1.048
0.995
1.027
0.980
1.026
0.973
1.011
0.983
0.962
1.028
0.993
1.020
0.989
1.006
1.011
0.976
1.038
0.993
1.005
1.015
-0.036
-0.012
-0.003
-0.056
-0.009
-0.015
0.021
-0.018
0.029
0.030
-0.033
-0.018
-0.037
-0.025
-0.034
0.021
0.019
-0.008
0.029
1.028
0.993
0.953
0.987
1.022
1.000
0.990
0.994
0.983
1.017
0.989
0.993
1.015
0.997
1.021
0.989
0.993
0.985
1.016
1.000
1.025
1.030
1.011
1.004
1.032
0.996
0.995
1.007
1.004
1.011
1.021
1.040
1.031
0.977
0.974
0.969
1.003
1.025
1.008
0.974
1.008
1.014
0.957
0.997
0.974
0.952
1.004
0.971
1.000
0.968
1.057
1.016
1.017
0.980
1.005
0.992
1.014
0.008
0.007
-0.050
0.002
-0.016
0.005
0.006
-0.043
0.032
0.013
-0.003
-0.014
0.026
0.005
0.007
-0.005
-0.002
0.024
-0.021
0.034
0.004
0.017
0.012
-0.060
0.008
0.049
-0.024
-0.004
0.020
0.039
0.016
-0.010
-0.008
0.009
-0.015
0.042
0.020
-0.018
-0.041
0.022
-0.045
0.011
0.000
0.010
-0.001
0.006
0.025
0.039
-0.008
0.014
0.003
-0.041
0.043
-0.015
0.002
0.015
-0.002
1.007
1.036
1.007
1.000
0.976
1.007
1.008
0.993
1.026
0.971
1.006
1.002
0.957
1.011
1.005
1.024
1.023
0.998
0.993
0.002
0.016
-0.040
-0.052
-0.016
0.009
0.027
-0.036
-0.016
0.036
0.026
-0.006
0.001
-0.052
0.020
-0.009
0.013
-0.035
0.001
0.998
0.975
0.988
1.036
1.013
1.034
0.985
1.002
1.018
0.996
0.971
1.017
1.032
1.002
0.997
1.018
0.938
0.980
1.017
1.020
1.005
0.988
0.982
1.017
0.993
0.975
1.005
1.012
1.016
1.006
0.973
0.999
0.981
1.006
0.946
1.029
0.995
1.003
1.006
1.026
1.000
0.982
0.980
0.955
0.999
1.020
1.022
0.974
0.963
1.022
1.002
0.989
1.034
0.977
0.954
0.962
0.959
-0.003
-0.020
0.001
0.009
-0.015
-0.046
-0.004
-0.043
0.021
-0.006
-0.012
0.005
-0.013
0.019
-0.038
0.030
-0.009
0.002
-0.008
-0.008
-0.022
-0.011
0.062
-0.004
0.050
0.024
0.011
0.002
-0.024
0.003
0.022
-0.007
0.007
0.001
0.012
0.020
0.039
-0.001
-0.019
-0.016
0.038
-0.019
0.024
0.041
0.012
0.046
0.039
0.042
-0.006
0.043
0.008
0.023
0.045
0.020
0.035
0.000
0.049
1.028
1.004
0.986
1.000
0.981
1.016
1.000
1.016
0.983
1.002
1.001
1.028
0.956
1.002
1.020
0.979
1.015
1.035
1.038
1.001
0.975
0.995
0.987
0.987
1.023
1.018
1.012
1.008
1.011
1.000
0.999
0.984
1.012
1.011
1.003
0.982
0.996
0.972
1.020
0.971
0.977
1.004
0.991
1.006
0.972
0.971
1.017
1.005
1.011
0.997
1.040
1.008
0.975
0.982
1.023
0.986
1.020
-0.009
-0.013
-0.012
0.008
0.016
0.003
0.002
-0.053
0.013
-0.031
-0.031
-0.012
0.028
0.004
0.018
-0.003
0.013
-0.029
-0.001
1.031
1.006
0.987
0.974
1.033
0.980
1.007
1.033
0.990
1.018
0.982
1.021
1.019
1.011
0.976
1.018
1.063
0.994
1.027
0.003
-0.037
-0.018
0.029
-0.019
0.011
0.010
0.030
0.023
0.004
0.004
0.035
0.007
-0.001
-0.000
0.005
-0.039
0.036
-0.005
1.011
1.011
1.035
1.014
0.974
0.939
1.008
0.996
0.976
1.020
0.964
0.991
0.981
0.969
1.013
0.997
0.983
1.028
0.991
0.992
0.992
0.961
1.000
0.991
0.991
0.993
0.999
1.035
1.006
0.958
0.988
0.995
0.989
0.993
0.981
1.000
1.017
0.999
1.032
1.013
1.033
0.991
1.005
1.019
0.976
0.997
0.984
0.992
1.019
0.988
0.987
0.980
1.001
1.012
1.006
1.016
1.021
-0.029
-0.007
-0.035
-0.004
-0.016
0.004
-0.028
0.038
-0.022
-0.008
0.036
-0.002
0.021
0.017
-0.009
-0.009
-0.063
0.020
-0.008
0.996
0.975
1.011
1.036
1.037
0.986
0.987
1.034
1.018
0.999
1.000
1.040
0.969
1.007
1.013
1.001
1.002
1.031
1.020
0.996
1.014
1.012
1.012
1.026
1.013
0.984
0.973
0.988
0.962
1.009
0.942
0.987
0.999
1.001
0.967
1.003
0.992
0.995
1.011
1.025
1.008
0.942
0.948
1.019
0.980
0.982
0.999
1.058
1.022
0.962
1.001
0.987
0.987
0.986
0.991
1.019
1.023
0.005
0.007
-0.040
0.023
0.006
-0.012
0.020
0.038
-0.013
-0.029
-0.019
-0.002
-0.010
-0.046
-0.016
-0.026
0.032
0.024
-0.016
-0.012
0.012
0.016
0.002
-0.009
0.003
-0.027
-0.015
0.035
-0.011
-0.019
-0.033
-0.027
-0.009
-0.024
0.013
0.006
-0.001
0.009
-0.003
0.010
0.018
-0.014
-0.020
0.024
0.046
-0.010
-0.000
-0.019
0.003
0.009
0.011
-0.003
-0.009
0.032
0.008
0.009
-0.008
0.029
0.008
-0.020
0.005
-0.014
0.001
-0.002
-0.003
0.023
-0.015
0.015
-0.042
0.000
-0.020
-0.001
0.013
-0.039
0.008
0.000
-0.024
-0.004
-0.033
-0.006
-0.018
0.024
0.000
-0.017
0.024
-0.001
-0.003
0.020
0.045
-0.028
0.014
-0.025
0.041
0.015
0.026
0.027
0.000
0.051
-0.027
-0.007
-0.016
-0.001
0.031
-0.035
-0.010
0.002
0.007
-0.018
0.016
0.022
-0.024
-0.066
-0.004
0.016
-0.002
-0.033
-0.037
0.026
-0.002
0.012
-0.011
0.012
-0.016
0.045
0.009
-0.005
0.032
0.018
0.009
-0.022
0.011
0.011
-0.006
1.006
1.004
1.014
1.015
0.990
0.985
1.020
1.001
0.975
0.996
1.004
0.958
1.014
0.977
1.005
0.981
1.000
1.004
0.977
1.009
0.984
1.009
0.992
0.973
0.976
1.003
1.011
1.014
0.982
0.989
0.998
1.004
0.986
0.974
1.006
1.017
1.019
1.023
1.001
1.026
0.973
1.029
1.023
0.979
1.004
0.974
1.007
1.011
0.975
0.971
1.014
1.004
1.019
0.989
0.956
0.988
0.996
0.002
-0.005
0.020
0.012
-0.000
0.011
0.032
0.018
-0.001
-0.031
-0.053
0.006
-0.033
0.020
0.011
-0.027
-0.000
-0.007
0.005
-0.027
-0.019
-0.025
-0.033
0.017
0.046
0.009
-0.002
-0.041
-0.008
-0.006
0.027
0.003
0.002
0.010
-0.007
-0.007
0.005
-0.026
0.021
0.003
0.013
-0.046
-0.026
-0.009
0.004
0.014
-0.030
0.014
0.017
0.017
0.040
-0.004
-0.017
-0.044
-0.007
0.012
-0.002
1.029
1.014
0.998
1.006
1.002
0.961
1.009
1.019
0.973
0.997
1.029
0.995
0.978
0.998
1.010
1.032
1.013
1.014
0.947
-0.032
0.025
-0.001
0.022
-0.010
0.001
-0.046
-0.021
0.013
-0.038
0.020
0.009
0.031
0.042
0.056
0.003
-0.001
-0.007
-0.006
0.957
0.975
0.998
0.987
1.034
1.017
1.005
0.954
1.004
0.978
1.000
0.958
1.035
0.993
0.996
0.988
0.993
0.989
0.987
-0.055
0.003
0.000
0.004
0.024
-0.002
-0.012
0.040
-0.009
0.029
-0.032
0.007
-0.000
-0.013
0.017
0.018
0.010
0.001
-0.020
0.971
1.030
0.991
0.993
1.017
1.018
1.002
0.966
1.012
1.027
0.992
0.988
1.042
1.001
0.974
0.979
0.975
0.990
1.041
-0.023
0.030
0.027
0.003
-0.044
0.020
-0.012
-0.026
-0.008
0.026
0.002
0.017
-0.004
0.016
-0.033
-0.013
-0.006
0.010
-0.014
0.993
1.033
0.969
1.013
0.993
1.017
1.000
0.973
0.982
1.008
1.026
0.994
0.996
0.998
0.990
1.030
1.008
1.005
1.026
-0.009
0.046
-0.003
0.010
0.007
0.029
0.014
0.029
0.008
0.009
-0.015
0.043
-0.012
-0.012
-0.023
-0.035
0.007
-0.032
0.026
-0.026
-0.012
0.011
0.021
-0.049
-0.029
-0.025
0.004
0.041
-0.033
0.007
0.012
-0.021
-0.010
0.012
-0.019
-0.007
-0.017
-0.023
-0.019
-0.019
-0.029
-0.000
-0.003
-0.004
-0.055
0.026
0.013
0.057
0.011
-0.043
-0.011
-0.010
0.029
0.043
-0.029
0.006
0.043
0.959
1.044
0.997
0.971
1.001
1.001
0.961
0.998
0.987
0.969
1.012
0.991
0.994
0.977
0.997
0.984
1.009
0.994
1.023
0.018
0.001
-0.074
-0.038
0.019
-0.003
0.048
0.002
-0.016
0.022
-0.010
-0.034
0.018
0.022
0.002
0.051
0.005
0.002
-0.014
0.006
-0.024
-0.047
0.005
-0.017
0.001
0.008
0.005
-0.033
-0.009
-0.018
0.012
0.002
0.005
0.006
-0.021
0.037
0.028
-0.003
0.014
-0.012
-0.024
0.011
-0.004
-0.042
-0.006
-0.022
-0.027
0.005
0.066
-0.007
-0.041
-0.004
-0.048
0.030
0.005
-0.004
0.012
-0.014
-0.018
-0.002
-0.018
0.025
-0.017
-0.003
-0.051
-0.001
-0.002
0.035
0.003
-0.029
0.000
0.014
-0.000
0.015
-0.029
-0.004
-0.015
0.040
0.008
0.022
0.013
0.006
0.010
-0.002
-0.012
0.013
0.002
-0.026
0.055
0.051
-0.021
0.008
0.014
-0.040
0.008
-0.022
0.022
0.002
0.033
0.010
-0.001
0.031
-0.064
-0.028
0.039
0.026
0.008
0.036
0.009
0.017
-0.022
0.022
-0.012
-0.022
-0.050
0.013
0.006
-0.013
-0.019
-0.026
-0.049
0.047
-0.001
-0.011
-0.013
0.015
0.001
-0.002
-0.025
0.026
-0.025
-0.014
-0.023
0.991
0.997
0.990
1.020
0.976
0.993
0.970
0.999
0.991
0.952
0.974
0.980
1.043
0.976
1.025
1.011
1.008
0.999
0.994
-0.026
-0.010
0.028
0.000
0.027
-0.022
0.011
-0.021
0.004
-0.012
0.016
-0.012
-0.004
0.034
0.004
0.028
-0.019
0.006
-0.053
0.985
0.979
0.973
1.011
0.995
0.992
1.003
1.005
0.974
1.030
1.014
0.987
0.984
0.984
1.022
1.014
1.003
0.986
0.982
0.045
-0.015
-0.022
-0.009
0.018
-0.018
-0.000
0.013
0.020
0.020
-0.010
-0.013
0.032
-0.006
-0.006
-0.010
-0.001
-0.015
-0.028
1.003
0.949
0.986
1.007
0.976
0.981
1.009
0.990
0.975
0.967
1.025
1.003
1.033
0.986
1.026
1.016
1.011
1.014
1.006
0.998
1.029
0.949
1.009
1.006
0.983
0.991
0.966
0.987
0.989
1.007
1.008
1.031
1.021
1.009
1.043
0.964
1.027
1.017
1.010
1.003
1.043
1.025
1.007
0.987
0.994
1.006
1.009
1.027
1.000
1.022
0.996
1.005
0.980
1.009
0.989
0.982
0.985
-0.052
-0.034
0.030
-0.015
0.029
-0.018
0.018
-0.012
-0.031
-0.037
0.008
-0.049
0.019
-0.020
0.041
0.019
0.008
0.024
-0.065
1.002
1.028
1.005
1.003
1.026
0.957
1.035
1.009
0.992
1.005
1.017
0.975
1.035
0.955
0.991
1.031
0.986
0.947
0.970
0.025
0.022
-0.010
0.011
-0.012
0.019
0.008
-0.004
-0.047
-0.006
-0.014
0.029
0.016
0.007
-0.025
0.010
-0.010
0.014
0.006
-0.007
0.034
0.004
0.029
-0.045
0.021
-0.003
-0.008
0.004
0.002
0.005
0.008
0.003
0.017
-0.003
-0.003
-0.002
0.000
-0.015
-0.032
-0.021
0.015
-0.018
-0.009
0.015
0.021
0.012
0.002
0.022
-0.013
0.057
-0.023
0.029
-0.009
0.004
0.046
-0.005
0.001
0.991
0.987
1.027
0.987
0.997
1.016
0.977
1.038
1.012
1.048
0.990
0.999
0.953
0.994
1.005
1.009
1.017
1.041
0.982
1.008
0.946
1.011
1.020
0.974
1.000
0.991
0.952
1.022
1.001
1.026
1.016
1.011
0.981
1.041
0.964
1.031
1.002
0.980
1.068
0.962
0.981
0.957
1.003
1.028
1.020
1.006
0.996
0.966
0.979
1.015
1.018
1.047
0.982
1.029
0.984
0.978
1.004
0.013
-0.017
-0.003
0.032
-0.046
0.040
0.032
0.008
0.011
-0.022
0.006
-0.042
0.019
0.011
-0.043
0.021
0.006
0.007
-0.022
0.993
0.982
0.953
1.033
1.078
0.954
1.005
1.001
1.023
1.009
0.970
0.982
0.996
0.980
1.009
1.019
0.996
1.004
0.977
1.033
1.012
1.013
1.002
0.934
1.002
0.988
0.968
1.004
0.968
1.006
0.986
0.978
1.017
1.011
1.019
0.984
0.999
1.013
1.010
1.033
1.006
1.016
1.033
1.005
1.008
1.033
1.012
0.970
0.973
1.004
1.010
0.991
1.004
1.018
0.973
1.005
0.973
0.001
0.003
-0.007
0.008
-0.013
-0.011
0.023
-0.008
0.010
-0.010
-0.028
0.006
0.006
-0.004
-0.065
-0.021
-0.005
0.012
-0.009
1.006
1.013
1.012
0.997
1.015
0.999
1.045
0.994
0.972
1.011
1.000
1.012
1.003
1.006
0.989
0.996
0.995
0.950
0.979
0.989
1.023
0.990
0.986
0.972
0.982
0.998
1.024
1.027
0.977
1.010
1.050
1.010
0.995
1.031
1.002
1.018
1.010
1.001
1.011
0.984
0.968
0.955
0.966
1.019
0.978
1.007
1.028
0.997
1.009
1.004
0.991
0.968
0.997
0.991
1.029
1.028
0.999
0.032
0.013
-0.015
0.016
0.005
-0.031
-0.006
0.004
0.022
-0.015
0.012
0.046
-0.032
-0.026
0.012
-0.031
0.014
0.022
-0.023
0.001
-0.038
-0.019
-0.002
0.038
0.030
-0.031
0.039
-0.008
-0.021
0.022
-0.026
0.016
-0.001
0.015
-0.031
-0.011
-0.003
0.016
-0.023
0.001
-0.019
0.003
-0.025
-0.023
0.013
0.005
-0.016
-0.032
0.034
-0.004
-0.009
-0.030
-0.004
-0.042
-0.008
0.050
0.042
1.028
1.032
1.022
1.026
0.961
0.987
1.004
0.973
0.978
1.008
0.981
1.011
0.985
0.999
0.976
1.028
1.009
1.021
0.961
0.022
0.023
-0.008
0.007
0.026
-0.006
-0.011
0.011
0.008
0.027
-0.021
-0.022
0.051
-0.009
0.025
-0.011
0.019
-0.016
0.061
1.008
1.000
0.967
0.993
0.980
1.031
0.995
1.013
1.020
1.012
1.013
0.995
0.996
1.012
1.011
1.012
1.026
1.013
0.996
1.016
0.947
0.993
0.966
0.980
0.970
0.998
1.042
0.975
1.028
0.990
0.998
0.960
1.022
0.984
0.994
0.992
0.991
1.003
1.012
1.025
0.995
0.998
0.975
0.980
0.960
0.983
0.989
1.030
0.959
0.997
1.022
0.972
0.997
0.969
0.970
0.999
0.988
0.010
-0.044
-0.047
0.047
-0.021
-0.020
-0.011
0.009
-0.026
0.021
0.026
0.002
0.023
-0.031
0.025
0.013
-0.007
0.018
-0.004
1.022
1.000
0.987
1.010
1.000
0.951
1.044
0.998
1.023
0.984
1.046
1.019
0.983
0.981
1.027
0.977
1.019
1.009
0.978
-0.021
0.010
-0.027
-0.024
-0.018
0.006
-0.007
0.023
-0.011
-0.007
-0.017
-0.027
-0.010
0.012
0.006
0.003
-0.011
-0.036
0.027
-0.017
-0.033
-0.011
-0.015
-0.017
-0.027
0.023
-0.055
0.039
-0.000
-0.009
0.007
-0.001
-0.039
-0.023
0.010
-0.008
-0.003
-0.007
0.003
0.003
-0.020
-0.006
0.023
0.008
0.007
0.010
0.026
0.030
0.000
-0.025
0.016
0.027
0.008
0.003
0.027
0.023
-0.007
1.028
0.991
1.017
1.003
0.993
0.998
1.019
1.003
0.965
1.014
0.969
0.976
1.002
1.014
1.020
0.995
0.973
1.016
1.004
1.025
0.993
1.018
0.988
0.981
1.001
1.049
1.021
1.002
1.007
1.030
0.999
1.028
1.025
0.980
1.036
1.032
1.025
1.024
1.028
1.028
1.011
0.961
0.985
0.992
0.994
1.021
1.033
0.984
0.989
0.993
1.020
1.002
1.034
0.985
0.997
1.000
1.033
0.010
-0.000
-0.014
-0.010
-0.020
-0.004
0.025
0.020
0.017
-0.020
0.019
0.027
-0.030
-0.013
0.014
-0.035
0.003
0.016
-0.003
1.016
1.020
0.997
0.995
1.031
0.996
0.977
0.982
0.960
0.989
1.051
1.016
1.002
1.009
0.987
0.974
0.975
0.998
1.002
0.031
-0.041
-0.009
0.009
-0.010
0.016
-0.048
0.023
0.004
0.000
-0.068
-0.004
-0.003
-0.030
-0.018
-0.018
-0.004
0.033
-0.005
1.005
1.023
0.970
1.020
1.006
0.995
0.961
0.985
1.000
0.985
0.988
1.006
1.003
0.994
1.010
1.010
0.966
0.980
0.973
1.020
1.020
0.969
0.985
1.012
0.992
0.966
0.981
0.984
1.010
0.966
0.984
1.001
1.019
1.029
0.979
0.975
0.985
0.982
0.955
0.966
0.990
0.997
1.005
0.999
1.010
0.989
0.987
0.966
1.008
1.054
1.012
0.979
0.983
0.985
0.999
0.985
0.984
-0.033
-0.033
-0.014
-0.008
0.013
-0.013
-0.004
0.012
-0.012
0.008
-0.008
0.019
0.026
0.013
-0.040
-0.028
0.029
0.016
0.036
0.990
1.024
1.002
0.979
0.974
1.014
1.024
0.999
0.999
1.024
0.963
0.969
1.033
1.010
1.015
1.006
1.030
0.997
1.025
0.002
0.016
0.015
-0.000
-0.000
-0.023
-0.026
0.010
0.003
-0.001
-0.008
-0.047
-0.001
0.035
0.011
0.011
0.016
-0.011
-0.000
-0.009
-0.010
0.026
0.007
0.002
-0.005
0.004
0.021
0.012
0.015
-0.017
0.030
-0.001
-0.017
0.035
0.043
0.014
0.015
-0.008
-0.011
0.008
-0.028
0.012
-0.028
-0.021
0.027
-0.019
-0.008
0.007
-0.007
0.007
0.050
-0.001
-0.035
0.027
-0.008
-0.000
0.037
0.991
0.998
1.001
1.022
0.976
1.000
1.033
0.962
0.976
1.025
0.952
1.005
0.952
0.999
1.031
0.981
1.047
1.023
0.998
0.012
-0.023
0.035
-0.030
-0.010
-0.004
0.005
0.013
-0.002
0.028
-0.015
-0.039
-0.021
-0.046
-0.012
0.003
-0.005
0.036
0.054
0.027
-0.016
0.024
0.017
0.003
-0.020
0.007
0.003
-0.011
-0.007
-0.002
0.050
0.031
-0.013
0.017
-0.012
-0.035
-0.009
0.019
-0.020
-0.010
-0.028
0.025
-0.010
-0.013
-0.037
0.031
0.016
0.004
0.033
-0.009
0.001
0.008
-0.035
-0.003
0.024
-0.034
0.010
0.007
0.046
0.022
0.003
-0.011
0.044
-0.014
0.026
-0.004
-0.004
0.009
0.016
-0.001
0.001
0.038
0.009
0.029
0.053
-0.029
0.022
0.032
0.022
-0.005
-0.033
-0.020
-0.040
-0.031
0.038
0.024
0.023
-0.019
-0.027
0.037
-0.003
0.062
-0.007
-0.001
-0.025
0.005
-0.031
-0.045
-0.010
-0.025
-0.032
-0.003
0.040
0.029
-0.020
-0.024
-0.034
0.010
0.002
-0.001
0.006
0.013
-0.000
-0.003
-0.029
0.045
-0.013
0.010
-0.005
0.023
-0.031
-0.045
-0.019
0.000
0.046
-0.013
0.017
0.013
0.034
-0.024
-0.033
-0.033
0.001
0.991
1.008
0.987
1.035
1.008
1.002
0.993
1.002
0.988
0.993
0.990
1.001
0.995
0.977
1.006
1.030
0.953
1.043
1.014
0.993
1.009
1.023
1.055
1.006
1.020
0.980
1.005
1.016
1.041
0.978
0.991
1.019
1.004
0.999
0.989
0.995
1.040
0.997
1.042
1.001
0.993
1.017
1.019
0.993
0.989
0.980
1.000
1.014
0.960
1.005
0.985
0.990
0.955
1.013
0.999
0.991
0.966
-0.007
-0.019
-0.041
0.005
-0.015
0.011
0.012
-0.010
0.014
-0.010
0.035
-0.039
-0.013
0.004
0.023
0.053
0.007
-0.001
0.035
1.009
1.014
1.044
1.010
0.955
1.021
0.979
1.016
1.002
1.031
0.971
1.015
1.001
1.024
1.006
0.967
1.007
1.019
1.000
0.004
-0.002
0.015
0.028
0.026
-0.013
-0.001
-0.008
-0.017
-0.016
0.028
0.019
0.020
0.011
-0.058
-0.012
0.011
0.039
-0.029
1.030
0.991
0.987
1.010
0.970
0.979
0.992
1.028
1.020
0.987
0.990
1.039
0.997
1.038
1.044
0.983
0.990
0.979
0.965
0.037
0.015
-0.004
-0.013
-0.037
-0.015
0.001
0.011
0.033
0.019
0.031
-0.001
-0.055
0.003
-0.019
0.013
0.029
0.012
0.007
1.010
1.003
1.006
1.018
0.953
1.020
0.972
1.026
0.992
1.009
0.985
0.979
1.042
1.007
1.009
1.021
0.946
1.008
0.991
-0.020
-0.014
0.023
-0.030
-0.003
-0.005
-0.011
-0.056
-0.004
0.015
0.023
0.019
-0.022
0.001
0.003
-0.045
-0.016
0.004
0.011
0.035
-0.005
-0.008
-0.005
-0.005
-0.003
0.014
-0.001
0.017
0.034
-0.028
0.005
-0.007
-0.033
0.007
0.020
0.007
-0.015
0.005
-0.047
0.018
0.020
0.041
-0.024
-0.017
0.040
0.025
0.016
0.009
-0.010
0.028
0.038
0.002
0.025
-0.018
-0.028
-0.004
0.020
1.020
1.021
1.052
1.041
0.935
0.956
0.973
0.988
0.979
0.994
1.012
1.009
0.978
0.999
1.002
0.973
0.986
1.000
1.003
-0.000
-0.002
-0.001
-0.004
0.020
0.025
0.001
0.019
0.018
-0.040
0.012
0.004
-0.001
-0.012
0.015
-0.037
0.021
0.001
-0.000
-0.007
0.016
-0.022
-0.013
-0.004
-0.021
-0.002
0.005
-0.020
-0.029
-0.020
-0.013
0.017
0.030
-0.004
0.019
-0.034
-0.013
0.024
0.045
-0.024
-0.011
0.036
0.036
0.048
-0.035
-0.004
0.013
0.015
0.016
-0.032
0.017
0.008
-0.030
-0.009
-0.029
-0.010
0.037
-0.019
0.030
0.017
-0.017
-0.000
-0.013
-0.022
-0.025
-0.001
-0.003
0.001
0.022
0.011
-0.031
-0.031
-0.004
-0.024
0.016
0.021
0.023
-0.005
-0.006
-0.024
0.014
0.002
-0.005
0.003
-0.018
0.022
-0.003
-0.014
0.012
0.009
-0.001
0.017
0.016
-0.027
-0.013
0.036
0.008
0.016
-0.023
-0.021
-0.006
-0.028
-0.005
-0.003
-0.029
0.038
0.024
0.010
0.024
-0.034
-0.022
-0.011
-0.010
-0.009
0.024
0.018
0.027
-0.021
-0.018
-0.014
0.014
-0.009
0.041
-0.011
0.009
-0.018
-0.044
0.019
0.022
-0.022
0.002
0.029
0.007
0.972
0.998
0.982
0.989
0.994
0.974
0.959
0.950
0.969
0.999
1.003
0.989
1.001
1.045
0.982
0.993
1.009
0.973
1.001
0.000
-0.006
-0.043
0.021
-0.001
0.010
0.002
-0.017
0.007
0.029
-0.015
0.017
0.022
-0.007
-0.008
0.000
0.014
-0.013
-0.006
0.975
1.024
0.986
1.012
1.010
0.984
0.994
0.992
0.962
1.008
0.987
0.981
0.955
1.027
1.005
0.980
0.976
1.010
0.968
1.006
0.977
0.959
1.050
1.021
1.004
0.995
0.979
0.990
1.003
0.989
1.001
0.963
0.985
1.002
1.019
1.028
0.957
1.011
1.028
1.038
1.028
0.957
1.029
1.018
1.032
1.006
1.016
0.994
0.972
0.985
1.014
0.995
1.021
1.008
1.021
0.964
1.013
0.005
-0.001
-0.016
0.028
-0.008
0.014
-0.044
-0.016
0.002
0.006
-0.007
0.002
-0.039
0.027
-0.000
-0.011
-0.004
0.009
0.022
0.993
0.996
1.001
0.985
1.015
1.030
0.981
0.982
0.995
1.017
1.017
0.995
0.984
0.982
0.946
1.009
1.026
0.988
0.988
0.977
0.969
0.966
0.984
1.028
1.010
0.968
1.014
1.042
0.990
1.014
1.040
1.000
1.018
1.008
0.983
1.025
0.988
1.017
0.968
0.973
1.008
1.019
0.993
0.994
0.968
1.028
1.005
1.005
0.963
0.987
0.990
0.988
0.998
0.962
0.993
1.002
0.984
-0.019
-0.026
0.013
-0.009
-0.005
0.009
0.021
0.020
0.018
-0.004
-0.006
-0.016
0.010
-0.012
-0.021
0.029
0.018
-0.014
-0.037
-0.039
-0.019
0.032
0.044
-0.019
0.011
0.025
0.032
0.032
-0.029
0.015
0.024
0.037
0.013
-0.021
-0.027
-0.033
0.017
0.038
-0.037
0.023
0.028
0.004
0.009
0.055
0.031
-0.043
-0.016
-0.036
0.039
0.016
-0.006
-0.031
-0.011
0.029
-0.007
-0.013
-0.014
1.009
1.040
0.992
1.005
1.018
1.026
0.984
0.992
0.965
1.026
1.010
0.973
0.989
0.973
0.978
0.970
0.977
1.042
1.029
0.004
-0.006
0.015
0.018
-0.006
-0.003
-0.026
0.025
-0.022
0.007
-0.013
0.003
-0.029
0.008
-0.017
0.001
0.013
-0.009
-0.012
0.967
0.974
0.946
0.997
1.015
0.998
0.995
1.007
0.972
1.020
1.030
0.981
1.003
0.951
0.993
1.000
1.024
1.003
0.996
0.018
-0.036
0.002
-0.026
-0.010
0.024
0.038
-0.060
-0.016
-0.022
-0.005
-0.042
-0.002
-0.028
0.016
-0.004
0.009
0.019
0.038
0.051
0.016
0.008
-0.003
0.003
-0.006
0.015
-0.020
0.001
-0.003
-0.009
0.049
-0.004
-0.016
-0.044
0.004
0.004
0.014
-0.039
-0.025
0.007
0.014
-0.013
0.002
0.019
0.005
0.033
-0.011
-0.002
0.019
-0.017
0.032
-0.041
0.020
0.016
-0.015
-0.003
-0.027
0.988
1.038
1.007
0.980
0.942
0.996
1.000
1.031
1.001
1.016
1.017
1.003
1.025
1.011
0.976
1.002
0.996
1.006
1.020
0.986
0.992
0.989
0.984
0.993
1.009
0.998
0.985
0.986
0.997
0.976
1.005
1.032
0.996
1.006
1.020
1.079
0.971
1.008
0.971
0.977
1.012
0.985
1.009
0.982
0.992
1.001
0.950
0.970
0.976
0.999
1.009
0.971
0.994
1.008
0.992
1.034
0.966
-0.018
-0.021
-0.001
-0.001
0.004
0.018
-0.033
-0.035
0.006
-0.027
0.023
0.029
0.042
-0.013
-0.009
-0.068
0.004
0.019
-0.001
-0.012
0.002
0.017
0.020
0.008
0.024
-0.009
-0.009
-0.045
-0.048
0.021
-0.012
0.041
-0.028
-0.056
0.026
-0.015
0.005
0.044
0.023
-0.003
-0.016
0.007
0.000
0.053
-0.034
-0.038
0.036
-0.005
0.001
0.015
0.016
0.016
0.032
-0.017
0.007
0.001
0.020
1.037
1.014
0.971
1.011
0.997
0.998
1.015
1.005
1.004
0.978
1.004
1.009
1.001
0.995
0.988
0.978
1.024
1.003
1.029
-0.057
-0.001
0.043
-0.054
-0.003
0.032
-0.011
0.017
-0.001
0.019
0.004
-0.014
0.016
-0.013
0.017
0.012
-0.009
-0.030
-0.000
0.996
0.992
0.998
1.021
0.990
1.010
0.993
0.983
0.973
1.008
0.992
0.981
0.988
1.025
1.001
0.987
0.975
1.008
1.039
0.006
-0.059
0.026
0.022
-0.030
0.006
0.009
0.011
0.000
-0.014
-0.030
-0.010
-0.013
-0.004
0.022
0.004
0.024
-0.030
-0.005
1.026
0.980
1.010
1.024
1.045
0.990
0.954
0.981
0.992
0.986
0.929
1.004
0.976
1.031
1.000
0.999
1.007
0.990
1.027
0.042
0.033
-0.017
-0.004
0.010
0.023
-0.016
-0.023
-0.008
-0.004
-0.010
0.029
-0.003
0.031
-0.019
0.003
-0.021
0.031
-0.027
0.973
1.001
1.007
0.997
0.991
1.023
1.022
0.980
0.965
0.974
1.027
1.036
1.014
1.000
0.978
0.993
0.999
0.983
0.998
-0.021
0.006
0.017
-0.026
-0.022
0.027
0.004
-0.036
-0.003
-0.009
0.050
-0.040
0.021
-0.009
0.021
-0.055
-0.006
-0.005
0.013
-0.034
0.008
0.005
0.002
0.012
0.003
-0.009
-0.021
-0.001
-0.006
-0.002
-0.024
0.003
-0.026
0.007
0.033
0.014
-0.008
-0.005
-0.032
-0.019
0.005
-0.018
0.013
0.009
0.021
0.032
0.032
-0.012
0.026
-0.020
0.018
0.002
-0.044
0.002
0.005
0.024
0.017
-0.005
-0.022
-0.013
-0.042
0.015
-0.031
-0.013
0.019
0.024
0.052
-0.020
0.051
0.017
-0.005
0.002
0.011
-0.032
0.018
-0.012
-0.002
-0.027
0.003
-0.015
-0.040
0.011
-0.038
-0.022
0.035
-0.009
-0.011
0.005
-0.030
-0.002
0.041
0.022
0.049
0.018
0.002
-0.015
0.011
-0.016
-0.002
0.010
-0.026
-0.043
-0.005
-0.006
-0.023
0.014
0.006
0.019
0.010
-0.017
0.020
-0.034
-0.005
0.013
0.023
0.017
0.016
-0.030
0.005
0.021
0.031
-0.018
0.003
-0.019
0.015
-0.016
0.014
0.009
0.010
-0.008
0.020
-0.050
-0.014
0.979
1.031
1.013
1.010
1.007
0.987
1.028
1.010
0.973
1.008
0.970
0.955
0.983
0.993
0.974
1.003
0.972
1.023
1.005
1.011
0.969
1.016
1.019
0.999
1.038
1.027
0.971
1.011
1.007
0.995
0.972
0.976
0.993
1.006
0.987
0.996
1.005
0.945
1.028
1.013
0.962
0.984
1.016
1.033
1.016
1.036
0.979
1.012
0.966
1.002
0.990
0.979
1.012
1.017
0.994
0.991
1.003
0.016
0.066
-0.035
-0.052
0.043
0.022
0.000
0.001
0.004
0.009
-0.000
-0.014
0.000
-0.048
-0.041
-0.011
0.008
0.026
0.011
1.022
0.982
1.030
1.035
0.998
0.993
0.999
1.053
0.982
0.987
1.027
0.987
0.991
0.992
0.995
0.969
0.999
0.986
1.030
-0.043
-0.003
0.003
-0.001
0.007
0.017
0.024
0.006
-0.013
0.005
-0.020
0.005
0.016
-0.027
0.005
0.018
-0.030
0.050
-0.038
0.987
1.016
1.032
1.010
1.002
0.978
0.999
0.988
0.994
1.008
0.964
1.020
1.008
1.025
0.952
1.012
1.003
1.034
0.995
1.002
0.967
1.044
0.986
1.002
0.999
0.954
1.015
1.055
1.009
0.969
0.986
0.986
0.996
0.993
1.010
1.035
0.983
0.974
1.007
1.021
0.974
1.015
0.982
0.999
1.009
0.979
1.001
1.039
1.014
1.028
1.029
1.000
0.989
0.985
1.007
0.968
0.991
-0.024
0.027
0.004
-0.006
0.017
-0.062
-0.037
-0.044
0.028
0.022
0.018
-0.026
-0.043
-0.019
-0.015
-0.003
0.017
0.036
0.012
1.007
0.972
0.957
0.999
1.024
0.955
0.974
0.989
1.032
0.963
0.974
0.989
0.979
0.984
1.035
1.018
1.011
1.042
0.976
0.996
0.990
1.010
0.987
1.013
0.962
1.023
0.994
0.959
0.987
1.025
1.031
0.996
0.995
0.990
1.007
1.020
0.993
1.010
0.994
1.023
1.023
0.985
0.973
1.007
0.983
1.026
1.002
0.982
0.999
1.013
1.069
1.020
0.982
1.000
0.979
0.995
1.009
-0.012
0.009
0.019
0.011
-0.011
0.016
0.015
0.003
-0.021
-0.022
0.009
0.022
-0.028
0.016
0.013
-0.018
0.023
-0.019
-0.037
0.000
-0.029
-0.038
0.011
-0.025
-0.043
0.042
-0.020
-0.031
-0.033
-0.009
-0.011
0.008
-0.021
-0.010
0.015
0.003
0.016
0.011
0.002
0.011
-0.010
0.005
0.020
-0.019
-0.005
-0.033
0.036
-0.010
0.008
-0.011
-0.017
-0.002
-0.003
-0.004
-0.007
-0.014
-0.009
1.014
0.989
1.025
1.027
0.967
1.003
1.006
0.987
1.015
1.053
0.980
1.001
0.991
0.986
0.960
1.051
1.008
1.028
0.982
1.015
1.020
0.987
1.000
1.005
1.024
1.027
1.008
0.972
0.998
0.986
1.021
0.979
1.046
0.997
0.993
1.040
0.967
1.000
1.000
0.978
1.018
1.005
1.015
1.036
0.996
0.969
1.042
1.006
0.999
0.958
1.002
1.020
1.014
1.002
0.981
0.983
0.998
-0.006
-0.010
-0.004
0.009
0.015
-0.055
-0.001
-0.010
-0.001
-0.076
-0.005
-0.021
-0.006
-0.028
0.008
0.025
0.013
0.030
-0.043
0.960
0.960
1.039
1.014
0.993
1.024
0.995
1.022
1.013
1.005
0.984
1.003
0.971
1.009
0.984
1.010
0.998
0.987
0.992
0.991
0.968
1.018
0.996
0.981
1.010
0.995
1.003
1.000
1.015
0.998
0.996
1.005
1.018
1.025
0.994
0.990
1.009
1.023
1.018
1.013
1.008
1.001
1.026
0.996
1.009
0.985
1.032
1.027
0.988
1.026
1.009
1.008
0.974
0.998
1.005
0.970
0.970
-0.007
0.028
-0.022
0.006
-0.018
-0.013
0.015
-0.018
0.031
0.014
-0.002
0.046
-0.031
-0.030
0.013
0.003
-0.006
-0.013
0.012
1.012
0.990
0.961
1.010
1.023
0.992
1.005
0.982
0.986
1.024
0.980
1.015
0.992
1.016
1.018
0.991
1.003
1.009
1.031
1.017
1.000
0.994
1.055
0.994
0.989
0.998
1.001
0.994
0.961
0.995
1.009
1.018
1.000
0.983
0.987
1.012
0.948
1.033
1.003
1.050
1.017
0.981
0.956
0.978
0.954
0.979
1.009
0.995
1.026
1.005
0.995
0.986
1.012
1.011
1.024
0.975
0.996
-0.014
-0.002
-0.006
0.007
-0.009
0.011
-0.034
0.021
0.001
-0.003
-0.009
-0.026
0.040
-0.004
-0.034
-0.003
-0.008
-0.013
0.009
-0.017
0.030
0.025
-0.028
0.009
0.003
0.002
0.048
-0.011
0.066
-0.009
0.016
0.006
0.005
-0.013
-0.023
-0.036
0.007
0.011
-0.012
-0.026
0.004
0.016
-0.004
0.003
0.005
0.017
0.037
0.015
0.031
0.011
0.009
-0.036
0.017
0.046
0.023
-0.053
-0.008
0.993
1.006
0.999
1.005
1.010
0.982
1.014
1.018
0.975
1.025
0.995
1.024
1.013
1.017
0.980
0.998
1.011
0.973
0.985
-0.004
-0.018
-0.007
-0.027
0.025
0.003
-0.013
-0.016
-0.013
0.023
-0.015
0.013
-0.009
-0.010
0.021
0.024
0.011
-0.013
0.032
1.000
1.009
1.019
1.002
1.006
0.995
0.998
1.027
0.959
1.037
1.011
1.013
0.964
0.984
0.976
1.027
1.051
1.007
1.020
0.002
-0.008
-0.000
-0.011
-0.010
0.015
-0.007
-0.015
-0.000
0.015
0.024
0.012
0.032
-0.003
-0.008
-0.005
-0.009
0.027
-0.016
0.981
1.029
1.048
0.968
1.026
0.989
1.043
1.009
0.978
1.008
1.009
1.018
1.017
0.980
0.997
1.024
0.989
0.993
1.012
1.008
0.987
1.003
0.999
1.032
1.018
1.054
0.983
0.994
1.001
1.028
0.986
0.969
0.975
0.999
1.012
0.987
1.003
1.002
1.032
1.005
1.011
1.021
0.985
1.018
0.974
1.028
1.003
1.013
1.027
1.007
0.992
0.986
1.021
0.992
1.048
1.030
0.982
