0.996
0.986
0.908
1.195
0.994
1.221
0.871
1.078
1.019
0.999
1.119
1.069
1.056
0.792
1.093
1.250
0.942
1.205
0.988
0.817
0.907
1.095
1.042
1.145
1.080
0.963
1.105
0.992
1.114
0.895
0.795
1.022
1.140
1.018
1.083
1.086
1.004
0.797
1.091
0.819
0.880
1.052
0.847
1.226
0.838
0.852
1.030
1.081
1.267
1.004
0.863
1.101
0.895
0.805
1.080
1.070
0.736
-0.105
-0.257
-0.025
-0.075
-0.155
-0.073
0.033
0.168
0.198
-0.445
0.094
-0.237
-0.015
0.116
-0.145
-0.016
-0.141
-0.213
-0.070
0.903
1.079
1.212
1.162
1.140
0.667
1.106
0.862
0.935
1.027
1.452
1.123
1.048
1.095
1.020
0.903
0.813
0.904
0.884
-0.059
-0.142
-0.042
0.083
0.158
-0.045
-0.134
-0.105
0.003
-0.290
-0.013
-0.106
0.123
0.023
0.051
0.070
-0.013
-0.218
-0.034
0.983
0.934
0.993
1.015
0.918
1.099
1.053
0.852
0.924
1.060
0.954
1.046
0.896
0.803
1.039
0.989
0.987
0.915
1.012
1.011
0.763
0.803
0.976
1.058
0.991
0.931
0.856
1.109
0.847
0.542
1.026
1.085
1.074
0.993
0.943
1.188
0.848
0.752
0.935
0.909
0.969
1.105
1.080
1.144
0.929
0.941
0.848
0.848
1.095
0.987
1.007
0.918
1.021
0.969
1.045
0.925
1.022
-0.062
0.040
-0.098
0.165
0.099
0.141
0.033
-0.105
0.033
0.023
-0.009
0.213
0.013
0.203
0.197
-0.114
0.231
-0.143
-0.147
0.904
1.038
0.987
0.965
1.139
1.121
1.168
1.020
0.951
1.153
1.030
1.066
1.108
1.012
0.905
0.976
1.253
0.981
1.019
1.173
0.971
0.806
1.180
1.009
0.822
0.861
1.007
1.176
0.865
1.112
0.756
1.347
1.092
1.063
0.984
0.902
0.935
1.184
0.949
1.106
0.875
0.898
1.020
1.117
0.956
0.915
1.080
1.142
1.081
0.931
1.143
0.901
1.029
0.828
0.943
0.934
1.107
0.009
-0.057
-0.122
-0.137
-0.035
0.228
-0.008
0.149
-0.127
0.018
-0.099
-0.070
0.113
0.092
0.122
0.127
0.023
0.075
-0.089
-0.180
0.191
-0.155
-0.114
0.111
-0.109
-0.086
-0.079
0.061
-0.013
0.079
-0.140
0.253
0.038
-0.001
-0.234
-0.008
-0.054
0.137
-0.148
-0.119
-0.195
0.064
-0.135
-0.226
0.232
0.137
-0.236
0.029
-0.089
0.108
0.209
0.115
0.085
-0.235
-0.028
0.115
0.036
0.806
1.062
1.132
0.932
0.924
1.050
1.055
1.072
0.768
1.087
1.040
1.073
1.184
1.020
0.924
1.264
1.008
1.111
0.939
0.822
0.808
1.117
1.077
0.947
0.979
0.805
1.321
0.803
0.969
1.063
1.047
0.969
1.100
1.043
0.860
1.052
0.945
0.858
0.930
0.950
0.831
0.883
1.072
1.065
1.222
1.221
1.161
1.106
1.220
0.828
0.974
0.785
0.760
0.981
1.073
0.813
0.845
0.034
0.279
0.140
-0.064
-0.126
0.080
0.107
-0.173
0.153
0.199
0.035
-0.006
-0.095
0.101
-0.071
0.150
-0.269
0.121
-0.057
1.113
1.064
0.835
0.823
0.881
0.895
0.946
1.063
0.991
0.945
0.770
1.197
0.824
1.042
1.075
0.988
1.035
1.139
0.999
0.977
0.915
1.134
1.258
1.065
1.058
0.689
0.821
0.890
0.919
1.178
0.844
0.785
1.143
1.217
1.011
1.158
1.106
0.931
0.834
1.040
1.164
1.152
0.763
0.663
1.123
0.990
1.062
1.117
1.187
1.236
0.958
1.084
0.843
0.770
0.878
0.898
1.133
-0.024
-0.052
-0.115
0.083
-0.099
0.190
0.208
0.072
-0.071
0.051
-0.232
0.283
0.204
0.004
-0.120
0.388
0.111
0.155
0.036
0.992
0.888
0.996
1.151
0.987
0.936
1.121
1.170
0.873
1.124
1.039
0.887
0.907
1.102
0.965
1.009
1.072
1.127
0.901
0.964
0.941
1.074
0.836
1.087
0.949
0.822
0.877
1.010
1.005
0.991
1.027
0.921
1.200
1.000
0.962
1.086
0.834
0.888
1.336
0.775
1.156
1.010
0.725
0.855
1.107
1.202
1.008
1.051
1.265
0.858
0.894
0.850
1.018
1.090
1.075
1.069
0.936
-0.051
0.228
-0.058
0.061
0.031
-0.010
0.008
0.024
-0.116
-0.016
0.198
-0.058
-0.046
-0.076
0.057
-0.090
0.017
-0.060
-0.165
-0.172
-0.062
-0.293
-0.110
0.096
-0.133
-0.052
0.020
0.088
0.100
-0.008
0.027
0.089
-0.114
0.037
-0.092
0.127
-0.125
-0.043
0.188
0.057
0.065
-0.193
-0.023
-0.081
0.175
0.018
0.106
0.229
0.046
-0.074
0.178
-0.216
0.083
-0.125
-0.204
-0.135
0.052
1.074
1.022
1.145
1.127
1.186
0.848
1.116
1.022
1.022
1.048
1.018
0.890
0.996
1.108
1.087
1.042
1.090
1.019
0.970
-0.202
-0.130
0.247
0.163
0.139
-0.003
-0.232
0.047
0.060
-0.049
0.051
-0.194
0.063
-0.030
0.037
-0.112
-0.004
-0.066
-0.080
1.196
1.015
0.881
1.183
1.098
1.121
1.012
1.132
1.152
1.070
1.144
1.176
1.035
1.097
1.224
0.791
1.078
0.936
1.043
-0.154
-0.058
-0.051
-0.120
-0.104
-0.202
0.140
0.011
-0.211
0.213
-0.036
-0.086
0.011
0.312
0.183
0.031
0.093
0.227
-0.289
0.954
0.849
1.085
1.263
1.076
1.087
0.885
0.659
1.235
0.988
0.742
1.197
0.905
0.980
0.849
0.938
1.047
0.987
1.099
0.957
1.116
0.909
1.089
0.943
1.124
0.955
0.951
1.300
1.111
1.045
0.961
0.795
0.958
1.010
0.835
0.813
1.031
1.194
1.040
1.200
0.962
0.915
1.128
0.968
1.239
1.069
1.183
0.860
1.082
1.267
1.084
0.807
1.025
1.125
0.877
1.179
1.028
0.131
0.103
-0.317
-0.161
0.227
0.134
-0.156
-0.151
-0.245
-0.078
0.140
0.018
0.084
0.229
-0.037
-0.060
0.109
-0.191
0.123
-0.079
0.048
0.125
0.085
-0.105
-0.151
0.011
0.009
0.068
0.001
0.008
0.062
0.234
-0.220
0.189
0.004
-0.005
0.070
0.134
-0.130
-0.181
0.042
-0.043
-0.030
-0.040
0.015
-0.302
0.053
0.061
-0.058
-0.013
0.001
0.106
-0.035
0.032
0.164
-0.014
0.025
0.772
1.011
0.961
0.978
1.001
0.928
1.065
1.132
1.040
0.961
0.763
0.898
1.052
0.953
0.898
0.935
1.217
1.091
1.279
0.070
-0.161
-0.113
-0.062
-0.215
-0.056
-0.030
0.091
-0.075
0.171
0.023
0.164
0.218
-0.002
-0.125
-0.143
0.016
0.149
0.174
1.056
1.006
1.099
1.294
1.049
1.087
1.273
0.942
0.776
0.964
1.077
1.212
0.815
0.728
0.738
1.048
0.881
1.029
1.048
0.862
1.024
0.962
0.934
0.941
0.988
0.912
1.153
0.917
1.094
0.942
1.018
1.039
0.928
1.125
1.131
0.888
1.191
0.780
1.188
1.076
1.137
1.091
0.946
1.010
1.200
0.991
1.021
0.971
1.072
1.201
1.125
0.939
0.991
0.918
0.710
1.014
1.032
0.144
0.085
-0.129
-0.253
0.148
0.099
0.016
0.109
0.300
-0.004
0.016
0.022
0.337
-0.057
-0.040
-0.206
-0.222
-0.063
-0.146
1.083
0.970
0.962
1.273
0.976
1.076
1.049
1.129
0.845
0.883
1.336
1.269
1.155
0.845
1.255
0.975
1.066
1.114
0.989
-0.076
0.281
-0.124
0.038
-0.027
0.007
0.067
0.047
-0.199
-0.193
0.064
-0.187
0.055
-0.105
-0.188
0.019
-0.203
-0.268
-0.045
-0.039
0.260
0.078
0.036
-0.079
0.011
-0.039
-0.407
0.151
0.042
0.067
0.026
0.028
-0.067
-0.016
0.139
0.049
-0.017
-0.180
-0.015
-0.071
0.255
0.040
0.173
-0.174
0.153
-0.002
-0.221
0.072
0.004
0.072
-0.262
-0.060
0.034
-0.142
-0.194
-0.143
0.085
1.066
0.918
1.076
1.005
0.860
0.947
0.804
1.117
1.007
0.881
0.811
1.116
1.004
1.031
1.171
0.889
1.061
0.922
1.061
0.002
-0.040
0.117
-0.094
0.005
-0.084
-0.082
0.076
0.201
0.053
0.102
-0.051
0.010
0.028
-0.071
0.003
0.041
0.032
-0.019
0.123
0.319
-0.027
-0.086
-0.080
-0.024
0.062
0.059
0.043
-0.103
-0.118
0.030
-0.086
-0.007
0.045
0.163
0.210
0.058
-0.186
0.115
-0.109
-0.067
0.182
-0.050
0.070
-0.028
-0.316
0.141
-0.258
-0.006
0.014
-0.002
0.139
-0.187
-0.017
-0.422
-0.045
-0.010
0.013
0.393
-0.055
-0.023
0.013
-0.110
-0.230
-0.299
0.163
-0.069
0.035
0.150
-0.042
0.164
-0.210
0.151
-0.121
-0.029
-0.027
-0.056
0.027
-0.019
0.017
-0.232
-0.098
-0.156
-0.214
-0.063
0.040
-0.069
-0.008
-0.027
-0.077
-0.041
0.175
0.096
-0.092
0.010
0.062
0.072
0.111
-0.018
-0.056
0.028
-0.120
-0.089
-0.244
0.045
-0.071
0.024
0.070
-0.005
0.137
-0.026
-0.083
0.135
-0.101
-0.083
0.005
0.032
0.066
0.058
-0.039
-0.061
-0.030
0.176
0.150
0.027
-0.047
0.093
-0.089
-0.043
0.035
0.024
-0.122
-0.054
1.093
1.234
1.300
0.869
1.061
1.004
0.863
1.003
0.911
0.919
0.989
0.847
0.856
1.249
0.905
1.043
1.125
1.060
1.036
-0.236
-0.208
-0.041
0.351
0.088
-0.114
0.202
0.056
0.326
-0.061
0.026
0.056
-0.076
0.152
0.247
-0.060
0.011
-0.096
0.033
1.110
1.072
1.031
1.251
1.102
0.964
0.997
0.843
0.878
0.676
0.889
1.148
1.062
1.127
0.963
0.973
1.169
0.987
1.033
1.164
0.868
0.947
1.088
1.022
0.986
1.016
1.018
0.934
1.080
1.111
1.004
1.142
1.148
0.900
1.045
1.071
0.876
0.829
0.950
0.915
0.863
0.946
1.053
0.794
1.111
0.982
0.983
0.936
0.871
0.986
1.011
1.031
1.247
1.049
1.217
1.117
0.942
0.024
-0.168
0.129
0.039
0.145
0.102
0.190
-0.246
-0.018
-0.218
-0.021
-0.026
-0.083
0.178
-0.245
-0.120
0.092
-0.152
-0.142
-0.101
0.152
0.065
0.057
0.099
0.081
-0.051
0.005
0.273
0.078
0.180
0.017
0.043
0.070
-0.028
0.057
-0.214
-0.050
-0.127
-0.162
-0.036
0.033
-0.143
-0.109
-0.008
0.012
-0.066
0.180
-0.352
0.050
-0.057
-0.177
-0.185
0.113
-0.149
0.181
-0.056
-0.052
-0.061
0.360
0.008
-0.185
-0.193
0.152
0.011
0.001
-0.170
0.221
0.144
0.037
-0.115
0.068
0.030
0.037
0.046
-0.071
0.003
0.214
0.168
0.257
-0.014
0.196
-0.072
-0.009
-0.015
-0.017
-0.034
-0.133
-0.011
-0.083
-0.071
-0.177
0.337
-0.105
-0.228
-0.178
-0.065
0.064
-0.061
0.031
0.001
-0.016
0.017
-0.201
-0.252
0.058
0.028
-0.050
-0.236
-0.191
-0.269
0.071
-0.260
-0.015
0.202
-0.010
0.031
-0.199
0.111
-0.109
0.048
0.041
-0.077
-0.114
0.057
0.114
0.180
0.113
0.076
-0.120
0.209
0.022
0.044
0.042
1.072
0.899
1.180
1.081
1.029
1.139
1.080
0.845
1.134
0.961
0.941
1.051
0.886
1.101
0.825
1.358
0.979
1.026
1.011
0.076
-0.171
0.239
-0.010
0.046
-0.213
-0.287
0.042
0.006
0.360
-0.026
-0.213
0.029
-0.114
0.159
0.115
-0.041
-0.176
-0.041
0.940
1.047
1.055
1.092
0.948
1.235
1.075
1.061
1.056
1.082
1.145
1.014
1.091
1.104
0.893
0.896
1.106
1.077
0.906
0.886
0.934
0.889
1.058
0.962
1.147
1.046
1.051
1.018
0.913
1.002
0.950
1.209
1.035
0.809
1.168
1.062
1.003
1.162
0.924
1.092
1.076
0.899
0.962
1.133
1.080
1.076
1.078
1.135
1.063
1.194
1.271
0.990
1.082
1.036
0.856
1.048
1.039
0.044
-0.161
0.212
-0.173
0.005
0.174
-0.053
-0.126
0.181
0.063
-0.177
0.136
0.141
0.147
0.048
-0.056
0.015
0.006
-0.217
1.003
0.908
1.065
1.147
1.070
1.025
0.818
1.142
1.015
1.166
0.895
0.933
1.010
0.860
1.049
0.755
0.913
0.853
1.074
0.930
1.184
1.236
1.115
1.138
1.028
0.910
0.930
0.900
1.237
0.922
1.243
1.067
1.015
1.183
1.083
0.965
0.945
1.107
0.879
0.952
1.083
1.066
1.079
1.224
1.076
0.801
0.862
0.643
0.994
0.762
0.971
0.842
0.984
1.073
0.891
1.019
1.015
0.082
-0.080
-0.063
-0.153
-0.226
-0.069
-0.017
-0.045
0.044
0.205
-0.004
-0.041
0.296
0.114
0.040
-0.127
0.106
-0.046
0.230
0.210
0.091
-0.038
-0.109
-0.015
-0.122
0.003
0.014
-0.006
-0.062
0.007
0.081
-0.045
0.023
0.227
0.101
0.070
0.029
-0.043
0.017
-0.030
0.016
-0.119
0.073
0.058
0.014
-0.037
0.141
0.290
0.017
0.076
0.219
-0.001
0.084
-0.240
-0.062
-0.409
0.027
0.934
0.991
1.199
1.195
0.957
1.105
0.933
0.934
1.135
0.838
0.980
0.963
1.012
0.705
1.255
0.919
1.022
0.970
1.051
-0.187
-0.003
-0.336
-0.187
0.097
0.075
-0.018
0.108
-0.199
-0.223
0.133
-0.122
-0.001
-0.260
-0.174
-0.102
-0.003
0.178
0.006
0.967
1.011
1.016
0.945
1.049
1.055
1.220
0.987
0.926
1.144
0.983
0.770
0.930
1.098
1.218
1.044
1.099
0.981
1.028
-0.081
0.247
0.029
0.133
-0.080
0.067
-0.037
-0.073
0.158
0.140
-0.057
0.037
0.080
-0.021
0.089
0.120
0.101
0.093
-0.046
0.179
-0.010
-0.064
0.211
0.072
0.234
0.014
0.031
0.198
0.069
-0.152
0.228
-0.135
-0.080
0.061
-0.003
0.016
-0.039
0.095
0.241
0.014
0.002
-0.156
0.026
0.264
0.067
-0.009
-0.071
0.004
-0.076
-0.298
-0.115
-0.005
0.059
0.052
0.093
0.092
0.058
0.664
0.909
1.008
0.871
1.078
1.058
1.059
1.086
0.798
1.035
0.712
0.990
0.968
0.882
1.141
1.013
1.236
1.046
1.312
0.938
1.008
1.024
0.877
1.010
1.117
0.981
1.016
1.307
1.376
0.888
1.094
0.820
0.966
1.178
0.945
1.140
0.784
1.285
0.907
0.805
0.908
0.976
1.047
0.895
0.908
1.036
0.810
0.850
1.047
0.992
0.970
1.104
1.247
0.817
0.710
1.095
1.156
0.176
0.043
-0.011
0.036
-0.125
-0.079
0.052
0.022
0.155
-0.077
-0.227
0.065
0.044
-0.111
0.250
-0.105
-0.044
-0.196
0.074
0.924
0.916
0.970
1.147
0.705
1.049
1.033
1.072
1.018
0.955
0.962
0.904
0.963
1.194
1.024
1.178
1.206
0.901
1.029
0.922
0.929
1.024
1.057
0.919
1.012
1.009
1.245
0.957
0.932
0.969
0.901
1.098
1.080
0.936
0.728
1.159
0.804
1.059
0.877
0.966
1.155
1.149
1.097
1.299
0.926
0.971
1.153
0.987
1.005
1.106
0.782
1.302
0.925
1.198
1.063
1.150
0.988
0.169
-0.025
-0.053
-0.046
-0.093
-0.030
0.170
0.086
-0.046
-0.116
0.070
-0.256
-0.046
-0.086
-0.190
-0.053
-0.079
-0.057
-0.030
1.116
0.707
1.151
0.959
1.046
0.911
1.207
0.837
1.225
0.835
1.166
0.862
0.725
1.066
1.006
1.166
1.288
1.107
0.888
-0.005
0.164
0.138
-0.063
-0.414
-0.073
0.075
-0.006
0.028
0.150
-0.110
-0.040
0.030
0.101
0.148
0.084
-0.077
-0.054
-0.009
0.977
0.871
0.875
1.043
1.213
1.203
1.316
1.103
1.201
0.908
0.778
0.867
0.793
1.359
1.337
0.885
1.135
1.141
0.942
0.363
-0.139
0.052
-0.102
0.153
-0.051
-0.104
-0.011
0.054
-0.035
-0.081
-0.081
-0.038
0.170
0.176
-0.212
0.103
-0.170
0.109
-0.200
-0.087
0.104
-0.128
-0.164
0.048
0.236
0.052
0.061
-0.100
-0.103
-0.113
-0.330
0.191
0.051
0.030
-0.039
-0.083
0.163
0.061
0.064
-0.049
-0.168
-0.107
0.108
-0.120
-0.025
0.136
-0.038
-0.047
-0.066
-0.123
-0.236
0.239
0.066
0.135
0.027
-0.069
1.240
0.792
0.785
1.022
0.941
1.205
0.817
0.958
0.977
0.863
0.938
1.020
0.893
0.728
1.046
1.011
0.999
1.087
1.030
-0.284
-0.028
0.148
-0.060
0.236
0.023
0.081
-0.089
0.053
0.054
0.009
0.194
-0.126
0.049
0.000
-0.131
-0.011
0.057
0.006
0.914
0.741
0.904
0.919
1.114
0.933
0.899
1.010
1.052
1.102
1.178
0.884
1.091
0.963
1.091
1.065
0.826
1.050
0.961
0.892
0.830
1.013
1.194
0.721
0.970
1.065
1.092
0.922
0.961
1.009
1.057
1.154
1.131
0.916
1.214
1.198
1.190
0.803
0.957
0.918
0.787
0.885
1.002
1.160
1.055
1.146
0.982
0.748
0.909
1.149
0.898
0.975
1.028
1.294
1.124
1.205
1.281
0.105
-0.261
0.042
-0.138
-0.164
-0.084
-0.287
0.015
0.052
0.059
0.057
-0.025
-0.311
-0.067
-0.032
-0.106
-0.016
0.038
0.280
0.150
-0.331
0.130
0.075
-0.040
-0.157
0.278
-0.027
-0.014
0.009
-0.146
0.245
0.010
0.040
0.215
0.055
-0.189
0.106
0.145
0.087
0.063
-0.196
0.148
-0.070
-0.119
-0.137
0.099
-0.147
-0.061
-0.321
0.017
-0.021
0.049
0.041
-0.076
-0.150
0.081
-0.245
0.889
0.806
1.103
1.212
1.016
0.805
0.770
0.955
0.630
1.160
0.954
0.969
1.070
1.048
1.143
0.914
0.862
0.915
0.893
0.002
-0.181
0.122
0.188
-0.008
0.064
0.292
0.055
0.102
0.036
-0.024
-0.191
-0.141
0.126
-0.080
-0.076
-0.176
0.261
-0.034
1.075
0.977
0.752
0.981
0.871
0.909
1.097
0.971
1.025
0.836
1.183
1.132
1.058
0.817
0.996
1.056
1.077
0.763
0.978
1.135
0.964
0.905
1.041
0.904
0.959
0.818
1.007
1.007
0.895
0.850
1.107
0.783
0.818
1.256
0.882
0.925
1.001
1.014
0.854
0.933
0.988
0.943
0.978
1.080
1.212
0.752
0.996
0.827
1.004
1.186
0.768
1.097
1.064
0.934
0.978
1.404
0.967
-0.170
-0.039
0.031
0.083
-0.102
0.233
0.094
0.308
-0.042
-0.119
-0.103
0.141
-0.143
-0.114
0.122
-0.064
0.030
-0.001
-0.007
0.985
0.810
0.827
0.722
0.835
1.041
1.170
0.954
1.055
1.014
1.109
1.002
0.991
1.017
1.194
1.184
1.035
1.296
0.790
-0.040
0.107
0.072
0.075
-0.057
-0.421
-0.066
-0.062
0.014
-0.185
-0.213
0.138
-0.136
-0.033
0.141
0.204
-0.056
-0.208
-0.075
0.065
0.132
0.118
-0.019
-0.042
0.218
0.015
0.177
-0.042
-0.071
0.019
-0.133
-0.163
0.092
-0.081
0.064
0.078
-0.123
-0.244
-0.129
-0.096
-0.185
-0.104
-0.179
0.014
-0.018
0.104
0.201
0.314
0.032
0.134
-0.028
0.072
0.162
0.116
0.023
-0.230
-0.091
0.759
1.013
0.640
0.932
1.171
1.035
0.945
1.029
0.997
1.136
0.954
1.137
0.641
1.083
1.048
0.859
1.063
0.967
0.986
1.135
0.868
1.120
0.961
1.049
1.172
1.174
0.959
0.924
0.907
1.238
0.813
1.099
0.989
0.807
0.861
1.110
0.761
1.329
0.814
1.046
0.958
0.971
0.951
0.980
1.032
1.211
0.918
0.929
1.145
1.259
1.100
1.162
0.969
0.917
0.695
1.304
1.141
-0.252
0.233
0.050
-0.194
-0.201
0.060
-0.044
-0.014
0.014
-0.056
0.028
0.116
0.107
0.099
0.007
0.036
-0.068
0.092
0.255
0.864
1.227
1.103
0.941
0.872
0.864
1.239
1.019
1.130
1.056
0.815
1.051
0.949
0.998
0.834
1.014
1.050
1.086
0.933
0.105
0.094
0.063
0.009
-0.121
0.192
0.103
0.140
-0.090
0.076
-0.126
0.038
0.233
0.162
0.167
0.136
-0.048
-0.025
-0.118
1.073
1.107
0.963
0.840
1.089
0.706
1.068
1.181
1.027
1.009
1.038
1.041
1.058
0.628
1.119
0.936
0.964
1.015
1.036
0.066
-0.080
0.074
0.051
0.401
0.208
0.052
-0.156
-0.005
0.022
-0.099
-0.041
0.154
0.172
0.225
-0.128
0.105
-0.109
-0.019
0.194
-0.006
0.245
0.183
0.233
0.050
-0.115
0.011
-0.221
-0.030
-0.007
-0.215
-0.074
0.003
0.089
-0.249
0.096
-0.105
-0.017
0.442
-0.087
0.214
-0.023
0.063
0.175
-0.118
0.153
0.046
0.026
-0.019
-0.106
-0.148
0.037
-0.121
0.156
0.295
0.159
0.043
-0.074
0.030
-0.019
-0.197
-0.035
0.053
0.030
-0.039
0.271
-0.103
-0.058
-0.022
-0.024
0.055
-0.069
0.074
0.105
-0.201
-0.104
-0.027
-0.033
-0.082
0.004
-0.102
-0.285
0.125
0.066
-0.057
0.166
-0.098
-0.054
-0.248
0.038
-0.019
0.141
0.204
0.106
0.179
-0.215
-0.042
-0.020
0.175
0.027
-0.098
0.122
-0.354
-0.007
0.094
-0.054
0.121
0.307
0.188
0.291
0.282
-0.194
-0.202
0.066
-0.194
-0.043
0.058
-0.011
-0.075
-0.143
0.032
-0.093
0.132
0.035
-0.004
0.081
-0.036
0.025
-0.073
0.268
-0.031
0.031
0.038
0.899
0.846
0.873
1.075
0.955
1.146
0.999
0.887
0.783
0.968
1.098
1.076
1.147
1.021
1.135
0.955
0.915
1.026
1.034
-0.024
0.112
0.001
0.168
0.071
0.006
0.072
0.007
0.066
0.082
-0.117
0.013
-0.019
-0.135
0.056
0.171
-0.147
0.233
-0.090
0.954
1.120
0.720
1.027
0.977
0.879
1.041
0.801
1.047
0.955
1.060
1.055
0.812
0.775
1.161
0.950
0.881
0.893
1.081
0.035
0.106
-0.050
-0.008
-0.078
0.061
-0.154
0.111
0.060
-0.297
-0.126
0.249
-0.110
0.167
-0.115
-0.046
-0.114
-0.103
-0.103
0.954
0.882
0.823
0.852
0.782
1.193
1.016
1.025
0.943
1.270
1.032
0.828
0.879
1.060
0.937
1.115
0.849
1.200
0.920
-0.118
-0.192
0.248
0.336
-0.132
-0.104
0.179
0.174
-0.066
0.019
-0.101
-0.155
0.011
-0.065
0.157
0.042
-0.175
0.222
0.319
1.161
0.994
1.109
1.008
0.929
1.030
1.017
1.302
0.974
0.898
1.224
1.043
1.087
0.881
1.132
0.843
1.064
1.021
0.887
0.058
0.101
-0.101
0.026
0.063
0.194
-0.085
0.108
0.110
0.090
0.102
0.033
-0.177
-0.090
-0.178
-0.036
0.138
0.116
-0.064
0.006
-0.014
-0.174
0.039
-0.059
0.101
-0.212
0.095
0.117
-0.092
0.025
-0.038
0.245
-0.086
-0.081
0.133
-0.273
0.122
0.001
-0.008
-0.042
0.176
-0.167
0.232
0.183
0.049
-0.001
0.001
-0.087
0.028
0.015
0.087
0.114
-0.243
0.103
-0.093
0.107
-0.117
1.047
1.080
0.921
0.895
1.006
1.019
1.058
1.088
1.207
0.799
0.921
0.831
1.109
1.003
1.021
0.968
1.101
1.190
0.756
-0.136
-0.226
0.104
0.180
-0.072
-0.064
-0.005
0.059
-0.113
0.093
0.240
-0.117
0.223
0.164
-0.062
0.055
0.206
-0.244
-0.020
0.988
0.920
0.734
0.990
0.935
0.933
1.013
0.745
1.320
1.078
0.780
1.116
1.009
0.975
0.997
0.938
0.936
1.278
1.090
1.141
1.101
0.915
0.809
1.091
0.906
0.719
0.815
0.965
0.866
1.035
0.833
1.266
0.912
0.982
0.976
0.824
0.898
1.165
0.937
1.161
0.848
1.131
1.184
0.949
0.760
0.940
1.037
0.917
1.082
0.909
1.102
1.046
1.121
1.072
1.096
1.264
1.112
-0.008
0.095
-0.026
-0.234
0.025
-0.260
0.089
-0.022
0.072
-0.071
-0.033
-0.012
-0.006
0.006
0.079
0.010
-0.123
-0.060
-0.331
0.027
-0.022
0.027
-0.230
0.003
0.099
0.011
0.045
0.003
-0.107
-0.154
0.111
-0.091
0.019
0.280
-0.027
0.199
-0.026
0.079
0.127
-0.141
0.089
0.036
0.003
-0.095
0.175
0.160
0.154
-0.339
-0.197
-0.224
0.062
-0.149
0.044
-0.089
-0.042
-0.030
-0.226
1.060
0.940
1.007
1.082
0.972
1.015
0.944
1.033
1.275
1.145
1.027
0.795
1.036
1.154
0.789
0.791
0.753
0.665
1.199
0.204
0.127
-0.224
0.118
0.102
-0.055
-0.069
0.125
0.203
-0.198
0.185
0.018
0.213
0.141
0.076
0.002
-0.118
0.147
-0.075
0.946
1.100
1.278
1.100
1.189
0.820
0.910
0.728
1.027
1.193
1.016
0.988
1.210
0.960
0.885
0.962
0.798
1.055
0.996
0.805
0.961
1.158
1.014
1.089
1.132
1.061
0.986
1.105
1.063
1.026
1.052
0.976
0.688
1.132
0.896
1.068
0.950
0.902
0.868
1.218
1.164
1.286
1.079
1.038
0.953
1.041
0.924
1.033
0.688
0.962
1.119
0.795
0.839
1.014
0.871
0.801
1.329
0.030
-0.001
0.111
-0.114
0.155
0.012
0.124
0.073
0.097
-0.205
-0.287
-0.286
0.204
0.119
0.068
-0.097
-0.132
-0.249
0.112
1.103
0.893
1.100
0.964
0.890
1.041
0.744
0.740
1.081
0.993
1.049
1.128
0.957
0.914
0.814
1.401
1.046
0.915
0.854
0.200
0.116
0.111
0.084
0.036
-0.011
-0.120
-0.145
0.088
-0.081
0.145
-0.017
-0.026
0.016
0.062
0.018
0.087
-0.054
0.221
-0.093
0.172
0.033
0.107
-0.016
-0.036
0.211
0.080
0.102
-0.001
0.036
-0.179
-0.248
-0.200
0.070
-0.064
-0.048
-0.175
-0.015
-0.026
-0.116
-0.046
0.012
-0.101
0.174
0.008
-0.055
-0.019
0.146
-0.138
0.282
-0.134
-0.035
0.134
0.102
-0.098
-0.172
0.131
0.813
1.013
0.896
0.929
1.128
0.977
0.990
1.080
1.161
1.080
1.104
0.915
0.770
1.043
1.029
1.142
0.988
1.061
0.942
-0.048
0.111
0.081
-0.024
0.059
0.101
-0.151
0.175
-0.006
0.114
-0.149
0.128
-0.471
0.181
0.001
-0.211
-0.099
-0.184
-0.043
1.062
0.794
1.225
1.000
0.915
1.119
0.895
0.679
1.005
1.089
1.081
0.838
1.146
1.144
1.108
1.206
0.851
0.976
1.017
0.907
0.988
0.874
0.964
0.832
1.145
1.056
0.932
0.874
0.993
0.699
1.079
0.979
1.129
0.944
1.011
0.939
0.927
0.886
0.977
1.215
0.852
0.746
1.238
1.004
1.080
1.058
1.033
0.986
1.050
1.215
1.040
1.038
1.014
1.180
0.772
0.870
1.077
-0.095
-0.042
0.042
0.119
0.037
0.247
0.031
0.032
-0.068
0.030
-0.029
-0.099
-0.047
-0.131
-0.141
-0.032
-0.152
0.030
0.008
0.677
1.054
1.076
1.103
1.065
1.040
0.953
1.145
1.146
0.947
0.598
0.981
0.943
1.142
0.931
1.006
1.146
0.943
1.068
-0.085
0.099
-0.101
-0.046
-0.021
-0.155
0.007
-0.077
-0.014
-0.029
0.127
0.030
0.229
0.080
0.016
0.213
-0.023
-0.030
-0.134
-0.076
0.090
0.169
0.076
-0.086
0.028
0.060
0.039
0.029
0.046
-0.015
0.327
0.013
-0.193
-0.103
0.186
-0.091
0.141
-0.129
-0.281
0.350
0.086
0.015
0.224
0.000
0.070
0.178
0.032
-0.018
-0.109
0.201
-0.002
-0.132
-0.046
-0.063
-0.173
-0.019
-0.185
0.855
0.787
1.007
0.886
1.001
0.919
1.069
0.898
0.917
0.888
1.177
0.873
0.877
0.953
1.096
0.992
1.205
0.939
1.134
1.145
0.909
0.927
0.829
0.839
0.541
0.937
0.992
1.047
0.978
1.084
0.930
1.014
0.945
1.341
1.131
1.319
1.144
1.156
1.050
1.279
0.738
1.063
1.076
1.000
1.057
1.047
0.899
0.891
1.114
0.841
0.980
1.001
0.890
0.915
0.971
1.079
0.973
-0.138
0.079
-0.009
-0.182
-0.089
-0.023
-0.129
-0.059
-0.043
-0.195
0.023
0.054
-0.152
-0.087
-0.172
0.142
-0.157
-0.063
-0.119
0.925
0.953
1.288
1.047
0.959
0.823
1.012
1.018
1.188
0.863
1.131
0.962
1.079
1.219
0.983
1.185
1.119
0.933
0.974
0.032
-0.082
-0.184
0.220
-0.114
-0.177
-0.138
0.032
0.080
0.033
0.267
-0.191
-0.013
0.053
0.007
-0.079
-0.220
0.075
0.060
1.063
1.167
0.992
0.988
1.009
0.827
0.968
0.755
1.061
0.915
1.009
1.182
1.029
1.151
1.180
0.786
0.987
1.035
0.996
1.060
0.967
0.819
1.096
0.884
0.836
0.953
0.732
1.151
1.107
1.094
1.131
0.914
1.323
1.020
1.101
1.139
0.930
1.146
1.133
0.923
0.918
0.857
1.146
1.000
1.323
1.051
0.875
1.114
0.924
0.941
1.041
1.214
0.921
0.962
1.221
1.270
1.160
0.064
0.145
0.003
0.162
0.031
0.141
-0.035
-0.036
0.182
0.043
0.088
-0.235
0.008
-0.085
-0.057
-0.001
-0.019
-0.182
0.250
1.050
1.099
0.709
0.962
0.718
1.016
0.986
0.894
0.956
0.903
1.083
0.612
0.880
1.062
0.990
0.903
1.002
0.786
0.923
0.998
1.053
1.054
0.851
1.095
1.075
1.045
0.850
0.939
0.870
1.058
0.973
1.134
1.072
1.033
0.963
0.865
0.768
1.087
0.715
1.178
0.727
0.966
1.084
1.254
0.976
0.948
0.827
0.851
1.197
0.975
1.240
1.077
0.948
0.943
0.888
1.009
1.060
