1.043
1.087
1.055
1.009
0.967
1.024
1.015
1.016
0.983
1.035
-0.069
-0.021
-0.038
-0.064
0.028
-0.019
-0.013
0.028
0.007
-0.028
0.007
-0.048
-0.015
0.094
-0.004
-0.017
-0.074
0.005
0.048
-0.022
-0.068
-0.043
-0.060
0.044
0.012
0.056
-0.059
0.003
0.009
0.044
1.069
0.981
1.044
0.967
0.941
1.044
1.034
1.041
1.037
1.000
-0.077
0.012
-0.015
0.012
-0.027
-0.028
-0.014
-0.039
-0.010
0.004
1.010
0.986
0.991
0.970
1.026
1.035
0.998
1.028
0.966
1.080
0.966
1.019
0.976
0.967
0.976
0.991
0.910
0.919
0.980
1.030
1.000
1.075
1.038
1.045
0.993
1.037
1.046
1.033
0.960
0.955
-0.077
0.005
0.031
0.019
0.007
-0.012
-0.044
-0.048
-0.030
0.027
1.008
0.997
1.051
0.942
0.977
0.878
1.007
1.031
0.967
1.066
0.016
0.035
-0.030
-0.030
0.036
-0.032
0.092
0.013
-0.033
0.057
1.007
1.080
0.996
0.979
0.967
0.933
1.010
1.026
1.043
1.021
-0.047
0.024
0.073
-0.028
-0.018
-0.024
-0.037
0.028
0.004
-0.055
0.005
0.116
0.027
0.029
-0.047
-0.012
-0.067
-0.031
0.026
0.040
0.095
0.012
-0.025
0.007
-0.002
-0.019
0.058
0.001
0.020
0.004
1.018
0.977
1.059
0.993
1.019
1.023
1.005
1.058
0.983
0.934
0.010
-0.058
-0.046
-0.011
-0.018
0.087
0.031
-0.014
-0.030
0.032
-0.004
-0.005
0.001
-0.008
-0.025
0.017
-0.014
-0.017
0.026
0.018
0.003
-0.033
0.020
0.068
-0.061
0.093
-0.013
0.051
0.073
-0.023
0.963
0.951
1.054
0.934
1.046
1.041
1.032
0.946
1.015
0.942
0.990
1.014
0.977
0.981
1.048
0.996
0.994
0.933
0.975
0.980
1.044
1.010
1.031
1.039
1.027
1.046
1.006
0.975
0.945
1.027
0.018
-0.051
-0.027
0.080
0.082
0.105
-0.125
0.029
0.041
-0.019
0.933
0.943
1.022
0.966
1.001
0.965
0.998
1.019
1.008
1.027
1.001
0.925
1.012
1.030
0.959
0.961
1.004
0.927
1.041
1.096
1.014
1.072
0.982
0.967
1.025
0.992
1.019
1.139
1.012
1.023
0.005
0.021
-0.027
-0.031
0.029
-0.041
0.047
-0.024
-0.034
-0.045
0.062
-0.043
0.008
0.021
0.030
0.006
-0.027
-0.003
-0.032
0.067
-0.003
-0.036
-0.036
-0.014
-0.015
0.127
0.054
-0.027
0.092
-0.070
0.984
0.979
1.051
0.982
0.926
1.022
1.029
0.997
0.963
0.956
0.008
0.007
-0.088
-0.048
-0.065
0.072
-0.040
-0.019
0.022
0.015
0.034
-0.043
0.008
0.022
-0.003
0.115
0.080
0.007
-0.010
0.026
0.007
0.001
-0.074
-0.034
0.066
-0.011
-0.040
0.007
0.068
0.076
0.999
0.990
1.075
1.000
1.033
1.004
0.964
1.002
1.038
1.053
1.002
0.996
1.027
1.092
1.033
0.910
1.068
0.986
0.949
1.012
1.014
1.019
0.948
1.035
1.080
0.983
1.042
1.034
1.011
0.985
-0.047
0.006
-0.015
-0.029
-0.002
-0.001
-0.005
0.021
-0.002
-0.033
1.056
0.995
0.969
0.966
1.013
1.091
0.994
0.972
1.001
1.025
-0.022
0.028
-0.048
0.005
0.013
-0.038
-0.039
-0.024
0.004
-0.078
-0.002
-0.022
0.034
0.006
-0.000
0.064
-0.031
-0.008
-0.061
-0.044
0.077
0.046
-0.001
-0.026
0.062
-0.088
-0.010
0.011
0.003
0.030
1.083
0.966
1.010
0.996
0.980
1.021
0.941
0.981
0.986
0.993
0.992
0.997
0.978
0.993
1.018
1.054
0.984
1.028
1.019
1.015
0.981
1.077
1.022
1.000
0.990
0.957
0.964
0.971
0.997
0.958
0.068
0.011
0.042
0.033
0.023
0.047
-0.023
0.006
-0.019
0.001
-0.025
-0.030
0.018
0.026
-0.025
-0.062
0.032
-0.015
0.047
-0.003
-0.026
0.062
-0.060
0.027
-0.044
-0.060
0.027
-0.029
0.007
-0.014
1.076
1.058
0.938
1.023
1.082
1.143
1.049
0.933
0.926
0.985
0.027
-0.057
0.005
-0.002
-0.033
-0.041
0.045
-0.058
0.004
0.020
1.005
0.862
1.005
0.963
1.036
1.021
0.979
0.993
1.076
1.009
0.952
1.003
0.981
1.003
0.956
0.964
0.951
1.028
1.060
0.960
1.082
0.907
1.034
0.997
1.099
0.967
1.073
1.110
0.979
1.026
-0.013
-0.031
-0.036
-0.028
-0.036
0.055
-0.069
0.019
0.023
-0.057
-0.016
0.021
0.012
-0.092
-0.026
-0.017
0.013
0.015
-0.011
-0.027
-0.002
0.046
0.014
-0.062
0.031
0.022
-0.000
-0.008
-0.017
-0.051
1.008
1.018
0.965
1.051
1.039
1.006
1.105
1.002
1.032
1.024
0.050
0.028
0.008
-0.009
-0.049
-0.012
0.012
-0.018
0.032
-0.071
1.023
0.835
1.020
0.989
0.942
0.982
1.069
1.075
0.970
0.952
0.991
0.946
0.956
0.960
1.001
0.966
0.893
1.032
0.969
0.973
1.027
1.039
0.997
0.920
1.008
0.991
1.003
1.050
0.977
0.997
-0.007
0.004
0.024
-0.088
0.014
0.023
0.005
-0.008
-0.020
0.009
0.945
1.038
0.925
1.092
0.961
0.979
0.946
1.041
0.967
1.034
0.008
-0.022
-0.016
-0.069
0.066
0.005
0.032
0.019
-0.018
0.126
-0.043
0.149
0.045
0.117
0.066
0.011
-0.034
0.033
0.038
0.028
-0.037
-0.052
0.008
-0.014
-0.077
-0.082
-0.051
-0.035
-0.014
-0.008
0.925
0.988
1.004
0.938
0.978
0.962
1.054
1.024
0.953
1.050
1.008
1.018
0.992
1.056
0.993
1.037
0.967
0.936
1.053
0.970
1.054
0.910
0.973
0.993
0.933
0.954
1.059
1.006
0.983
1.037
0.004
0.008
-0.095
0.027
0.020
0.034
0.000
0.023
-0.033
-0.001
0.989
0.941
0.907
0.965
0.919
1.064
1.013
1.037
1.082
0.968
0.083
0.069
-0.031
-0.013
0.015
0.077
-0.042
-0.052
-0.065
0.080
1.013
1.025
0.993
1.043
1.017
1.038
1.068
0.964
0.977
1.049
0.989
1.000
1.016
0.982
0.991
0.985
1.037
1.039
0.994
1.031
1.024
0.981
0.991
1.014
1.003
0.987
1.069
0.966
1.037
0.964
0.072
0.004
-0.101
-0.007
-0.020
-0.042
-0.028
-0.004
0.059
-0.024
0.926
0.890
1.003
0.998
1.020
0.926
0.994
1.021
1.057
1.011
0.924
0.940
0.977
1.055
1.057
1.021
1.021
0.932
0.944
0.975
0.940
1.038
1.089
1.037
1.017
1.033
0.992
0.978
1.034
1.008
0.004
-0.054
0.041
0.023
-0.011
0.015
-0.061
-0.014
0.021
0.062
0.088
0.006
-0.007
-0.001
-0.080
0.031
0.012
-0.033
0.017
0.020
0.081
-0.027
-0.039
-0.008
-0.006
-0.006
0.071
-0.028
0.003
0.011
0.031
0.020
0.034
0.014
0.005
-0.027
-0.048
0.004
0.037
0.046
-0.086
0.001
0.019
-0.033
0.038
-0.024
-0.003
-0.043
-0.033
0.042
0.028
0.019
-0.034
-0.095
0.027
-0.096
0.038
0.074
0.011
-0.044
0.010
0.059
-0.060
0.022
0.057
-0.085
-0.017
0.027
-0.017
0.001
0.989
0.964
0.954
1.014
1.060
1.006
1.057
1.015
1.052
1.060
0.974
0.947
0.929
1.019
0.974
0.995
0.991
0.998
0.895
1.019
0.930
1.026
1.017
0.962
1.051
1.021
1.061
0.952
0.981
0.998
-0.055
-0.002
0.016
-0.026
-0.034
0.076
0.016
-0.037
0.012
0.029
0.973
1.071
1.055
0.997
1.034
0.952
1.018
0.982
1.014
1.051
1.045
1.024
1.023
0.949
0.994
1.006
0.969
0.972
0.954
0.987
1.032
0.963
1.035
1.062
1.000
0.966
1.002
1.023
1.081
0.907
-0.026
-0.023
-0.092
-0.005
-0.047
-0.023
0.011
0.088
-0.055
-0.043
0.006
-0.022
0.089
-0.073
0.073
0.038
0.042
-0.010
-0.013
-0.020
0.059
0.008
0.008
-0.011
-0.060
-0.053
0.077
-0.018
0.046
-0.007
1.049
1.041
0.971
1.054
1.069
1.089
1.036
0.885
1.029
1.064
0.998
1.016
0.922
0.970
0.999
1.052
0.924
1.015
1.018
0.997
1.012
1.045
1.041
0.968
0.926
0.996
1.006
0.924
0.980
1.016
0.037
-0.039
-0.059
-0.036
0.025
-0.039
0.040
0.040
0.081
0.140
1.002
0.987
0.975
0.947
0.983
1.069
0.896
0.950
0.930
1.001
-0.047
-0.003
0.014
0.068
-0.074
-0.010
0.084
0.056
-0.023
-0.024
0.954
1.005
0.954
1.010
1.034
1.019
0.949
1.075
0.998
0.998
1.020
1.072
1.070
0.961
1.043
0.992
0.984
1.063
1.030
0.938
0.943
1.049
1.082
0.950
1.027
1.020
0.990
1.042
0.972
0.927
-0.072
0.054
0.014
0.144
0.023
0.075
0.024
-0.028
0.071
-0.061
0.946
0.958
1.027
1.058
0.993
1.047
1.018
1.053
1.013
0.916
1.014
1.062
0.987
1.018
1.049
1.000
1.014
0.968
0.914
0.950
0.970
0.960
1.027
1.020
0.959
0.939
0.914
0.988
0.918
0.963
-0.016
-0.036
-0.009
0.008
-0.006
-0.088
0.012
0.090
-0.037
-0.121
-0.044
0.034
0.028
-0.021
-0.015
-0.014
-0.035
-0.058
-0.056
-0.016
-0.014
0.003
0.063
-0.011
-0.033
0.001
0.029
0.051
-0.012
0.079
-0.087
-0.089
0.082
-0.045
-0.062
-0.059
0.056
0.029
0.053
0.019
0.021
-0.004
0.070
0.034
0.008
-0.073
0.029
0.067
0.012
0.079
-0.007
-0.019
0.012
0.004
0.011
0.038
0.092
0.029
0.066
-0.044
0.012
-0.070
-0.062
-0.017
0.004
0.062
0.061
-0.087
-0.018
-0.009
1.023
0.998
0.980
0.978
1.038
0.924
0.982
0.992
1.073
0.972
0.993
1.014
1.032
0.999
0.947
1.033
0.987
1.011
1.044
1.005
0.960
0.960
0.980
0.948
0.943
1.049
1.039
1.079
0.968
0.941
-0.003
-0.054
0.061
0.063
0.016
-0.003
-0.050
-0.014
0.007
0.027
0.982
0.997
1.017
0.961
1.002
1.058
1.004
0.935
1.014
0.930
0.031
-0.041
-0.015
0.033
0.040
-0.024
0.028
0.042
0.023
0.008
1.020
0.955
0.969
0.939
1.057
0.996
0.997
0.986
1.021
1.047
-0.055
0.005
0.054
0.028
0.047
0.024
0.059
-0.006
0.009
-0.033
-0.026
-0.022
-0.030
0.058
-0.065
-0.010
0.006
-0.033
-0.011
-0.004
0.042
-0.006
0.026
-0.047
-0.064
0.054
-0.066
-0.011
0.051
0.012
1.041
0.981
1.084
1.083
1.024
1.045
0.958
1.005
0.970
1.052
0.019
0.009
-0.007
-0.125
0.002
0.115
0.055
-0.080
0.010
-0.112
-0.040
-0.109
-0.012
-0.067
-0.002
0.010
0.024
0.037
-0.028
-0.078
0.008
-0.015
0.047
-0.113
0.021
0.054
-0.017
0.049
0.022
-0.004
0.995
1.019
0.940
0.992
1.035
1.061
0.972
1.094
1.091
1.048
0.005
0.053
0.054
-0.054
-0.050
-0.012
0.012
0.061
-0.030
-0.093
1.000
1.057
0.985
1.040
0.972
1.059
0.977
0.976
1.045
0.981
1.036
1.021
0.921
0.971
0.992
1.056
1.023
0.972
1.040
0.998
1.028
0.969
1.094
1.067
1.001
0.997
1.004
1.020
1.031
1.014
-0.035
-0.068
0.011
0.023
0.038
0.044
0.032
0.049
-0.058
0.006
-0.025
0.024
0.065
-0.021
-0.067
-0.056
0.066
-0.093
-0.013
-0.089
0.032
-0.004
-0.080
-0.019
0.044
0.076
0.026
0.020
-0.069
0.060
1.057
0.914
0.885
1.080
0.925
1.008
1.066
0.979
0.971
0.974
-0.036
-0.026
-0.015
-0.002
0.040
0.039
-0.003
-0.048
0.012
0.038
1.021
0.968
0.977
1.008
1.019
1.025
0.976
1.011
1.067
0.965
1.040
1.003
0.981
0.946
1.059
1.052
0.928
1.032
1.032
1.005
1.082
1.026
0.975
0.948
0.972
1.044
1.000
0.977
1.080
1.034
0.025
0.012
-0.025
0.022
-0.029
0.057
-0.083
0.001
0.080
0.005
1.075
0.990
0.972
0.983
1.031
1.026
0.979
1.027
1.013
1.005
0.078
0.045
0.046
-0.006
-0.015
0.014
0.020
-0.019
0.037
-0.026
-0.061
-0.010
-0.072
0.058
0.018
0.004
0.029
0.046
-0.027
0.013
-0.029
0.032
0.076
-0.031
0.004
-0.016
0.006
-0.045
-0.065
0.041
-0.006
-0.010
0.073
0.024
0.014
-0.012
-0.001
0.017
0.019
-0.014
-0.036
0.018
-0.017
0.014
0.036
-0.060
-0.076
0.006
-0.039
-0.001
-0.023
0.046
0.035
0.051
-0.029
0.027
0.053
0.022
0.001
0.013
-0.047
-0.033
-0.010
-0.015
0.022
-0.004
-0.015
0.005
0.012
-0.008
0.939
1.016
0.957
1.000
1.045
0.888
0.944
1.000
1.013
1.074
0.004
0.052
0.020
-0.076
-0.014
0.043
0.015
0.085
-0.030
-0.063
0.970
0.981
0.992
1.069
1.013
0.929
1.015
1.003
1.000
1.050
0.975
0.948
1.035
0.995
0.876
0.991
1.087
1.015
0.962
0.945
1.080
0.970
1.045
1.019
0.975
0.935
1.027
0.934
1.040
1.033
0.023
-0.037
0.023
0.093
-0.009
-0.039
-0.038
-0.030
0.013
-0.008
0.958
1.038
0.943
0.995
1.045
1.045
0.932
1.015
1.011
1.106
1.002
1.068
0.990
1.062
0.889
0.986
0.982
1.009
1.023
1.127
0.990
0.993
0.947
0.996
0.890
0.991
1.018
0.978
0.941
0.965
0.000
-0.067
0.045
-0.023
-0.042
-0.028
0.102
0.012
-0.072
0.042
-0.003
-0.019
-0.030
0.034
-0.002
0.066
0.013
0.012
0.015
-0.043
0.029
-0.015
0.000
0.069
-0.030
0.011
0.003
-0.052
-0.023
-0.011
1.010
1.038
0.938
1.081
0.989
1.035
1.023
0.994
1.024
0.986
0.061
0.093
0.065
-0.073
0.041
0.016
-0.031
0.058
-0.135
0.012
1.029
0.964
0.969
0.995
0.995
0.973
1.006
0.983
0.945
1.015
1.017
0.946
1.036
0.962
0.973
1.007
0.931
0.999
0.980
0.964
0.960
0.940
1.063
0.956
1.052
1.026
1.013
0.942
1.042
1.016
-0.009
0.061
-0.115
-0.021
-0.063
0.096
0.027
0.072
-0.046
0.023
0.048
0.053
0.000
-0.026
-0.066
0.013
0.064
-0.008
0.000
0.010
-0.030
-0.022
0.001
-0.009
0.003
-0.014
0.030
0.102
0.064
-0.056
0.998
1.013
0.990
1.026
0.980
0.942
1.008
0.944
0.987
0.955
0.986
0.951
1.052
0.999
1.022
1.071
0.961
0.983
0.994
1.027
0.989
1.011
0.993
1.040
1.080
1.025
1.074
0.983
1.006
0.941
-0.040
-0.024
-0.018
-0.011
-0.014
-0.085
-0.030
0.030
0.012
-0.024
-0.030
0.010
-0.055
-0.052
0.046
-0.016
-0.057
0.013
0.012
-0.005
0.000
-0.002
-0.019
0.028
-0.044
-0.044
-0.028
-0.041
-0.042
0.001
0.941
0.996
1.005
0.986
1.082
1.006
0.987
0.973
0.990
0.997
-0.067
0.103
-0.030
-0.019
0.089
-0.051
-0.008
-0.031
0.024
-0.034
1.011
0.966
0.997
0.994
0.955
1.012
1.015
1.015
1.018
1.081
-0.038
0.107
0.012
-0.006
-0.085
0.021
-0.041
0.024
0.006
-0.071
1.024
1.086
1.042
0.983
1.030
1.014
0.938
1.035
1.030
0.983
-0.027
0.028
0.061
-0.024
-0.051
-0.032
0.056
0.115
0.063
-0.017
-0.041
0.044
0.011
0.006
0.043
-0.032
-0.020
-0.051
0.071
-0.077
-0.045
0.038
0.029
-0.089
-0.036
-0.012
0.015
0.011
0.058
0.046
1.007
0.961
0.996
0.937
1.089
0.958
0.993
0.949
0.948
0.970
1.008
1.065
0.970
1.069
0.951
1.027
0.940
0.999
1.033
1.023
0.953
0.964
1.077
1.014
1.087
1.002
1.014
0.982
1.090
0.956
0.003
-0.034
0.016
-0.039
-0.009
0.006
0.046
0.030
-0.024
0.005
0.941
0.967
1.010
1.039
0.976
1.049
0.982
0.926
1.009
0.969
0.988
0.977
0.930
1.074
1.004
1.025
1.017
0.965
0.920
0.921
1.022
1.000
0.998
0.967
0.941
1.064
1.055
1.039
0.987
1.027
0.020
-0.049
0.045
-0.002
-0.044
0.066
-0.035
0.027
-0.028
-0.026
0.991
1.022
0.985
1.065
0.973
0.956
0.960
0.973
1.018
1.007
1.005
1.011
0.998
0.991
1.009
1.042
0.989
1.106
1.059
1.038
1.050
1.032
1.009
0.898
1.017
1.004
0.958
1.017
0.969
1.053
0.069
0.018
0.004
-0.030
0.072
0.004
0.037
0.039
0.033
0.001
0.029
-0.074
0.054
0.063
-0.043
0.030
-0.027
0.036
-0.013
0.004
0.004
0.022
-0.101
-0.032
-0.013
0.068
0.041
-0.013
-0.050
0.056
0.984
0.987
1.060
1.014
1.012
0.949
0.978
0.955
0.982
0.971
1.018
1.062
1.020
0.963
1.027
1.045
1.017
0.958
1.052
1.081
1.026
1.011
1.014
0.939
1.024
0.984
0.993
0.972
0.989
1.010
0.033
0.081
0.006
-0.012
0.063
-0.065
0.022
0.005
-0.008
-0.050
1.065
1.008
0.897
0.913
0.986
1.070
1.011
0.930
1.076
1.025
